4991 1
-0.6301
-0.6393
-0.9984
-0.9722
-0.7957
-0.7753
-0.8061
-0.8673
-1.1137
-0.8099
-1.3921
-1.4248
-1.4785
-1.3828
-1.5267
-0.7699
-1.2526
-1.4557
-1.3867
-0.7238
-0.9219
-1.1915
-0.7704
-0.6813
-1.0961
-1.4706
-0.9289
-1.1193
-1.2986
-1.4467
-1.207
-1.4045
-1.1487
-0.9409
-0.706
-0.7103
-0.6848
-0.7579
-1.3623
-1.7782
-2.3466
-2.7875
-1.0455
-1.267
-0.8974
-1.1304
-1.1952
-0.944
-1.5552
-1.0998
-1.8404
-1.9442
-1.4107
-1.9135
-2.1391
-2.0874
-1.1998
-1.631
-1.8939
-1.8644
-1.5835
-1.8932
-1.134
-1.5585
-2.0877
-1.2725
-1.2762
-1.6712
-2.0836
-2.3655
-2.4676
-1.8633
-1.7096
-2.2223
-1.468
-1.8228
-2.6591
-3.1377
-1.8794
-3.2667
-2.744
-2.9542
-1.9466
-2.4157
-3.0645
-2.0911
-3.1503
-3.2881
-1.4039
-2.6852
-3.4663
-1.3416
-1.3664
-1.0318
-1.6508
-1.594
-1.3037
-1.0115
-2.3505
-2.3299
-2.1873
-1.5775
-1.8384
-2.1334
-1.1423
-2.6632
-3.348
-1.3356
-2.5089
-2.2592
-3.1237
-1.6544
-2.7441
-3.5782
-3.6058
-0.913
-3.6924
-3.7087
-3.6603
-3.7904
-3.9176
-3.6971
-3.665
-4.0256
-2.4188
-1.7132
-2.4085
-2.8988
-0.9083
-2.2058
-1.3389
-1.8145
-2.7448
-1.1466
-1.0536
-2.5135
-3.4421
-3.7857
-2.1256
-1.6783
-3.7112
-2.9901
-3.1109
-4.3754
-4.7298
-4.776
-2.9132
-2.2146
-0.8476
-2.6292
-4.2813
-3.0557
-2.5497
-3.7438
-3.4942
-3.5295
-3.814
-3.6039
-4.2469
-1.9211
-1.9504
-3.3212
-3.2744
-2.049
-0.6582
-1.1603
-1.0089
-1.4113
-2.2207
-2.0461
-2.4562
-1.7118
-0.9866
-1.3995
-1.9511
-1.5066
-3.0182
-3.221
-4.1009
-4.3579
-4.9144
-4.9765
-5.0874
-5.255
-4.9037
-4.5609
-2.6607
-3.055
-3.4186
-2.9452
-4.152
-3.9468
-4.2703
-4.2025
-2.7272
-3.4399
-4.083
-3.9923
-3.7951
-4.1312
-3.6602
-3.8583
-3.4497
-3.2872
-3.3669
-3.3939
-3.1417
-3.2662
-4.2712
-3.897
-4.0544
-4.0436
-4.0226
-3.9857
-3.7863
-3.5278
-3.5422
-3.7557
-3.8621
-4.0456
-3.6856
-3.2334
-3.5974
-3.5702
-3.3999
-3.1402
-3.0876
-2.9788
-2.7134
-2.5312
-2.9654
-3.5878
-3.162
-3.6051
-3.2273
-3.311
-3.3338
-3.2466
-3.6204
-2.832
-3.2318
-3.336
-2.5197
-2.5627
-2.3959
-4.0348
-3.443
-3.5029
-3.2288
-3.3113
-3.2924
-2.8898
-1.5403
-3.3451
-3.9232
-4.1943
-3.8981
-3.8338
-3.6892
-3.5034
-3.0062
-3.4226
-3.0783
-2.5918
-2.9613
-3.2932
-1.3829
-2.2201
-2.8253
-2.6668
-3.0426
-2.6724
-2.1039
-2.5069
-3.0787
-2.2585
-3.5593
-2.9963
-2.7686
-2.547
-1.993
-2.4355
-1.5938
-1.959
-1.9801
-2.4674
-1.9913
-1.3552
-1.9405
-3.0495
-3.2437
-2.8052
-1.6866
-1.9784
-2.1718
-1.7082
-0.6261
-1.9413
-2.5999
-2.6066
-2.5824
-2.522
-2.3729
-2.2836
-2.1423
-2.1411
-1.8961
-1.7979
-1.5752
-1.5011
-2.0129
-2.0226
-1.83
-1.7174
-1.7683
-1.6985
-0.9296
-1.0698
-1.6423
-0.7965
-0.7636
-1.1126
-0.9041
-1.2806
-1.222
-1.0021
-0.7645
-1.2477
-1.801
-1.2832
-1.4094
-0.5137
-0.725
-0.6187
-0.8454
-1.2686
-1.3566
-1.2428
-1.1713
-1.4335
-1.2339
-1.1201
-1.1261
-0.6853
-0.5926
-0.3378
-0.6377
-0.9778
-1.5678
-1.2053
-1.1708
-1.3113
-1.252
-1.4002
-1.4576
-1.5509
-1.4421
-1.1415
-1.0013
-1.3102
-1.2942
-1.4092
-1.2739
-1.7263
-1.5948
-1.2008
-1.3125
-0.9685
-0.824
-1.0421
-1.0037
-1.1745
-1.0501
-1.3437
-1.2751
-0.9098
-1.2782
-0.5596
-0.8818
-1.3171
-1.3642
-1.2016
-0.6857
-0.6628
-0.6149
-0.9911
-1.1422
-0.8686
-1.069
-0.6949
-0.5338
-0.506
-0.6935
-1.1818
-1.0791
-1.4468
-0.5326
-1.273
-1.3375
-1.5155
-1.562
-1.6173
-1.7443
-1.5865
-1.8965
-1.2388
-1.1585
-1.5323
-0.4385
-1.7388
-1.414
-0.3944
-0.581
-0.6918
-0.562
-1.1058
-1.384
-1.7711
-1.0131
-0.8374
-1.4358
-2.1381
-2.1378
-2.3312
-1.2129
-0.7552
-0.8213
-1.631
-1.246
-1.0162
-2.184
-2.2063
-2.1853
-1.2967
-0.9781
-1.1572
-1.6031
-1.8286
-1.8161
-2.3253
-2.5628
-1.0376
-0.7377
-1.0045
-2.9276
-1.4381
-1.7517
-1.4644
-2.3423
-1.524
-2.0966
-3.0231
-3.2962
-2.7672
-2.8999
-2.646
-2.5017
-1.7406
-1.1049
-2.4424
-2.7352
-1.2249
-1.0458
-1.4619
-2.5742
-1.9864
-2.6313
-2.5687
-2.951
-3.0143
-3.4105
-1.3216
-3.6457
-3.7763
-3.4431
-3.2708
-0.8904
-3.439
-3.3845
-3.2966
-3.1925
-2.9705
-3.2119
-2.7951
-2.5778
-1.7489
-1.5807
-1.5236
-0.8852
-2.4195
-1.0213
-2.4547
-3.022
-3.6507
-4.2634
-3.3825
-2.1798
-0.706
-0.7078
-1.0805
-0.9598
-4.0232
-4.56
-4.1472
-4.1358
-3.9123
-3.4911
-1.7161
-1.2035
-1.6066
-2.5323
-2.5159
-4.7963
-4.6004
-4.3604
-4.2985
-3.9171
-2.3496
-1.9033
-3.855
-2.7992
-3.9215
-2.2317
-3.2632
-4.5239
-4.5314
-2.9523
-2.4441
-1.8307
-3.3837
-4.1883
-4.476
-4.1695
-4.7661
-3.1939
-4.25
-4.6787
-4.8556
-4.8611
-4.7695
-4.5497
-4.4448
-4.8914
-3.8714
-2.4746
-4.5582
-4.4028
-4.8396
-4.8632
-4.4139
-4.4438
-4.2528
-4.0458
-3.611
-3.652
-3.4665
-3.4074
-3.4122
-3.6981
-4.2219
-3.8457
-3.326
-2.3687
-1.3007
-3.7142
-3.8995
-3.9081
-4.4961
-4.9532
-5.0538
-5.068
-4.9802
-4.9175
-4.4804
-4.2919
-4.0562
-3.7493
-3.5321
-3.4493
-3.2503
-3.1156
-3.1136
-2.822
-2.6465
-2.8701
-3.2761
-2.7679
-2.5211
-2.5773
-2.877
-2.7713
-2.66
-2.537
-2.472
-1.936
-2.557
-2.2923
-2.2503
-2.2769
-2.7028
-3.2794
-3.3984
-4.0164
-3.8432
-3.4341
-2.955
-2.5195
-2.3464
-3.3004
-3.7989
-3.9888
-3.7858
-3.7979
-3.1701
-3.3129
-3.4648
-3.9513
-3.6806
-3.5036
-3.6419
-3.6883
-3.5296
-3.2672
-3.2026
-2.9999
-3.2168
-3.1445
-2.3563
-2.0361
-1.7588
-1.4227
-1.5528
-1.8484
-1.7861
-2.262
-1.6073
-2.1161
-3.5311
-3.0725
-3.1989
-2.0935
-2.0158
-2.1762
-1.4723
-1.314
-2.3477
-2.5771
-2.4595
-2.4286
-2.2796
-1.8342
-1.6792
-2.1246
-2.878
-2.7392
-2.7102
-2.4014
-1.5198
-2.0433
-1.8293
-2.006
-2.4763
-1.5439
-1.8274
-1.8708
-1.9626
-1.4359
-1.4024
-1.849
-1.8326
-1.6724
-0.9731
-1.5911
-2.0797
-1.557
-1.2133
-1.6219
-1.7381
-1.204
-1.6634
-2.0257
-1.5552
-2.0567
-1.9479
-1.4483
-1.0792
-0.3611
-1.382
-2.3291
-1.8834
-1.6623
-2.1767
-1.8815
-1.6876
-1.2305
-1.5327
-1.4178
-1.4404
-2.5582
-1.0486
-1.226
-1.4521
-1.285
-0.8662
-0.8035
-0.7469
-1.7342
-1.6561
-1.5961
-1.3857
-1.2115
-1.1258
-1.3058
-1.1808
-1.3417
-1.2885
-1.1223
-1.0416
-0.8943
-1.038
-0.8278
-1.0037
-1.1892
-1.0949
-0.9815
-0.7868
-0.8453
-0.529
-0.6594
-0.5161
-1.1307
-0.6669
-1.2351
-1.5464
-0.6647
-0.8967
-0.654
-0.7639
-0.9149
-0.7282
-0.8401
-1.0317
-0.4933
-0.4847
-0.6296
-0.8135
-1.036
-1.0975
-0.9957
-0.7711
-1.1685
-1.4611
-1.1081
-0.7444
-1.1919
-0.6633
-0.6687
-0.5152
-0.6717
-0.7755
-0.915
-1.5219
-0.9381
-0.6298
-0.6212
-0.9051
-2.3262
-1.3397
-1.7856
-0.7627
-0.7494
-0.6076
-1.0317
-1.0435
-0.8906
-1.2033
-1.2898
-0.7956
-1.6858
-1.7726
-1.1957
-1.5148
-1.7927
-2.1206
-1.0726
-1.5196
-0.8091
-1.1316
-0.9917
-1.1071
-0.9218
-0.8492
-1.061
-1.0884
-0.5963
-1.0112
-0.8719
-1.3551
-1.0818
-1.0922
-1.8066
-1.9064
-1.7416
-1.5712
-0.886
-1.8293
-2.472
-1.9213
-2.4118
-1.9375
-2.042
-2.5725
-1.7412
-3.1109
-3.0348
-3.2087
-3.0547
-3.0297
-1.6875
-2.8948
-3.2818
-3.2996
-2.8015
-3.1549
-2.3772
-1.5035
-1.5128
-3.1021
-0.8643
-1.3422
-2.6715
-2.3083
-2.2694
-1.7572
-2.1439
-1.1472
-1.8669
-2.2641
-1.7212
-2.1452
-2.4582
-3.1972
-3.8758
-3.5118
-3.7774
-1.996
-2.6977
-2.1497
-2.8854
-2.3692
-2.779
-2.8947
-2.3786
-3.159
-1.2708
-3.6119
-3.9103
-4.0099
-3.7524
-2.7189
-1.3638
-2.4742
-2.0623
-2.3758
-2.3452
-1.6975
-0.9531
-4.2134
-3.8967
-2.9691
-4.3425
-3.4598
-4.152
-3.9031
-3.4901
-3.0051
-1.3272
-1.4372
-2.2518
-3.0714
-2.5275
-3.6753
-2.7836
-2.0704
-2.1023
-2.2077
-1.6226
-2.4952
-3.6932
-4.0788
-2.7631
-2.73
-1.6452
-3.2461
-4.4476
-4.7019
-4.6409
-3.5863
-2.451
-2.8184
-3.7929
-2.9684
-4.1012
-2.7601
-3.29
-2.9333
-3.1134
-4.3378
-4.5588
-4.1367
-4.1898
-4.8943
-4.6673
-4.8669
-4.7078
-4.5999
-4.4848
-3.8232
-3.9926
-3.6357
-3.5091
-3.3374
-3.1419
-3.0319
-3.1545
-2.9455
-2.598
-2.5836
-3.1694
-3.8688
-3.9672
-4.5623
-4.5112
-3.655
-3.6913
-4.5288
-4.2434
-3.9389
-3.4347
-4.3746
-4.3617
-4.1922
-4.1027
-4.0519
-2.2979
-1.874
-3.8682
-4.0966
-4.9916
-4.6037
-4.5929
-4.652
-4.2787
-2.0982
-4.5151
-4.2831
-4.8677
-4.9225
-4.3706
-4.0437
-4.4283
-4.1462
-3.867
-4.2307
-4.0533
-4.0466
-2.8951
-3.4567
-3.2718
-3.2064
-3.0365
-2.8383
-2.8578
-2.5663
-2.5635
-2.6573
-2.2457
-2.7793
-2.7985
-3.5857
-3.5441
-3.7859
-3.87
-3.7361
-3.881
-3.4869
-4.8194
-3.0326
-3.171
-4.0298
-3.4224
-3.2539
-2.8825
-2.7619
-1.7966
-1.4956
-0.7264
-1.061
-3.731
-3.6399
-2.991
-4.0701
-3.8493
-3.5732
-3.1146
-3.0698
-2.9658
-3.0063
-2.8052
-2.5094
-2.4859
-2.4466
-2.5917
-2.6487
-2.4877
-2.2619
-2.195
-2.0723
-1.8092
-2.0505
-1.8669
-1.967
-1.8265
-1.7322
-1.7421
-1.6324
-0.659
-1.205
-1.3485
-1.4492
-0.9171
-1.2362
-1.5034
-1.6517
-2.0452
-2.046
-1.8334
-1.3109
-1.9739
-2.0326
-1.6792
-1.3394
-0.8136
-0.6857
-1.0612
-2.0146
-0.8941
-2.0322
-2.0576
-1.2576
-1.9261
-1.6414
-1.7473
-1.83
-1.6545
-1.2789
-1.2853
-1.1303
-1.0766
-1.3889
-1.0915
-1.8523
-0.6455
-1.2452
-0.8074
-0.6781
-0.947
-1.0039
-1.3594
-1.3787
-1.5845
-1.6263
-1.0296
-1.5255
-1.1378
-0.6913
-0.7646
-1.2041
-1.2275
-1.2088
-0.6018
-1.0745
-1.309
-1.2461
-0.5766
-0.7369
-1.2983
-1.1374
-1.2615
-1.059
-0.7159
-0.6424
-0.7509
-1.8478
-1.5286
-1.2709
-1.4152
-1.2507
-0.8578
-0.8484
-0.6041
-0.5388
-0.5619
-0.8255
-0.9747
-0.9125
-0.9573
-1.0378
-0.7747
-1.3068
-1.2097
-1.5455
-0.9585
-1.4508
-1.2904
-1.3084
-0.909
-0.8111
-1.1546
-0.5718
-0.9953
-1.283
-1.7174
-1.47
-1.4415
-1.6792
-1.5216
-1.5575
-1.4987
-1.2079
-1.021
-1.5557
-1.417
-1.757
-1.5603
-0.5652
-0.9819
-0.516
-0.6641
-0.6518
-0.9443
-0.8089
-1.4808
-1.3302
-1.5016
-1.6548
-0.8026
-0.7223
-0.9104
-2.0407
-0.8499
-1.0214
-1.1962
-1.6728
-2.0254
-2.7924
-1.0873
-2.1826
-2.4458
-2.6653
-2.5194
-2.6105
-2.7593
-3.0519
-2.9146
-2.4165
-2.6149
-3.1505
-1.1976
-2.0176
-2.2633
-2.1557
-2.1299
-2.0665
-1.5494
-1.6266
-2.5198
-2.8042
-2.2215
-2.1712
-1.1303
-1.4878
-1.4872
-1.2253
-1.8053
-1.8686
-2.0343
-2.0479
-2.7905
-2.2915
-1.8424
-1.7162
-3.3781
-2.4574
-2.737
-2.5343
-1.5244
-2.5958
-3.1124
-3.3411
-4.0614
-3.0256
-2.641
-2.3726
-2.97
-2.1245
-1.1037
-2.5551
-2.6148
-1.4642
-1.667
-3.8702
-4.0445
-2.8716
-3.3547
-3.0158
-3.1675
-3.9449
-1.8371
-2.6206
-1.5504
-1.48
-2.3715
-2.3959
-2.485
-1.9642
-2.6834
-3.1689
-3.7023
-3.8012
-2.062
-2.1973
-3.6348
-3.546
-2.5356
-1.9599
-2.4172
-1.6865
-3.6481
-4.0884
-4.2954
-3.3215
-2.649
-3.9583
-4.4214
-3.7108
-4.108
-4.1701
-2.8365
-2.1547
-2.0836
-2.5756
-3.1806
-3.3082
-2.169
-3.7106
-2.729
-1.1355
-1.2747
-1.2919
-1.7546
-1.1331
-3.9212
-4.2396
-4.2415
-4.3966
-4.4031
-3.4508
-3.9181
-4.831
-4.3717
-4.1902
-4.2987
-4.8573
-4.7707
-4.2646
-4.6756
-4.8118
-4.0844
-4.2247
-3.8835
-3.3594
-2.978
-3.246
-3.2498
-2.9994
-2.5829
-2.5482
-2.3561
-5.7797
-3.6546
-3.7539
-3.1124
-4.8937
-4.9645
-3.4952
-3.6761
-2.4902
-4.222
-5.2343
-5.0121
-4.6589
-4.1396
-4.0535
-3.6388
-3.7037
-3.4834
-3.3988
-3.0111
-2.8345
-3.3216
-3.8241
-3.4166
-3.2122
-2.9654
-2.5669
-2.6018
-2.883
-2.5034
-2.3548
-2.2608
-2.8082
-2.2838
-2.2773
-2.6241
-2.3646
-2.6519
-2.4593
-3.7927
-2.7214
-4.2346
-4.0167
-4.2969
-4.285
-4.0872
-4.3263
-3.8632
-2.944
-3.5446
-3.9077
-3.9424
-3.5786
-3.3453
-2.5504
-2.8427
-3.0496
-3.1125
-3.1109
-2.893
-2.5908
-2.3807
-2.4616
-3.2125
-2.6271
-2.7192
-2.4572
-1.9049
-1.6049
-1.896
-1.2372
-1.9663
-2.4524
-2.191
-2.2423
-0.8671
-1.5295
-1.3804
-1.5798
-1.606
-1.6494
-1.7805
-1.5619
-1.4548
-1.3086
-1.8381
-0.7538
-2.5379
-2.3587
-2.2599
-2.5443
-2.8677
-2.2088
-1.858
-2.1415
-1.935
-1.6188
-1.4018
-1.2147
-1.009
-1.3983
-1.5879
-1.4292
-1.347
-1.1911
-0.9872
-0.8987
-0.8979
-0.6268
-0.8664
-0.7357
-0.6362
-1.2415
-1.0782
-0.9701
-1.3244
-1.5277
-1.4854
-1.409
-1.1767
-0.725
-0.7929
-1.104
-0.9932
-1.1061
-1.107
-1.7493
-1.9098
-1.8505
-1.7082
-1.5318
-1.4901
-1.3333
-1.3177
-1.6884
-1.6997
-1.3736
-0.869
-1.7898
-1.2737
-1.2036
-1.2227
-1.1858
-1.0576
-1.0915
-0.8889
-1.0017
-0.6729
-0.7073
-1.3071
-0.8577
-0.8314
-0.5797
-0.7825
-0.4239
-1.0583
-1.0584
-1.0572
-0.8811
-1.329
-1.3138
-1.334
-1.252
-1.1208
-1.2393
-1.1664
-1.3675
-1.2579
-1.1832
-1.1227
-1.1176
-1.1415
-1.12
-1.0731
-1.0711
-1.089
-0.9844
-0.8478
-0.7981
-0.9739
-0.818
-0.822
-0.6829
-0.5894
-0.7822
-1.1679
-1.1371
-1.035
-1.0978
-1.165
-0.9306
-1.0598
-1.1743
-0.9916
-0.8875
-0.9384
-0.7776
-0.4856
-0.9956
-0.9753
-0.8941
-0.9602
-1.1469
-0.9705
-0.9817
-0.9846
-0.5374
-0.4001
-0.863
-1.2756
-0.7208
-1.4202
-1.1617
-1.3772
-1.1184
-1.1576
-1.1878
-1.2659
-0.4409
-0.4909
-0.8581
-1.158
-1.6109
-1.6527
-1.735
-1.6494
-0.568
-0.6925
-0.8644
-1.3249
-1.6382
-1.3709
-0.9147
-0.8918
-0.5431
-1.2663
-1.0365
-0.9609
-0.7018
-1.6165
-2.2468
-1.4098
-0.8952
-1.7269
-2.4984
-2.4794
-1.026
-1.645
-1.5668
-2.4893
-2.5356
-2.5909
-2.7674
-2.3084
-2.7725
-2.5274
-2.6785
-2.7533
-2.4673
-2.2821
-3.4942
-1.1475
-1.3088
-1.9368
-2.0387
-2.8696
-3.2112
-1.7926
-1.8158
-1.2006
-2.865
-3.4393
-3.6339
-3.134
-2.5672
-1.3917
-4.1487
-3.4319
-3.2144
-3.6179
-3.0779
-1.5842
-2.6222
-2.0587
-1.4684
-2.385
-1.874
-1.7844
-3.5622
-3.9132
-3.5451
-1.1976
-3.7532
-4.0023
-3.6025
-3.5424
-1.5974
-2.9792
-2.0546
-3.4942
-2.5112
-3.0258
-2.429
-1.4602
-3.0668
-3.3177
-2.9119
-1.9678
-2.0111
-2.5696
-2.3587
-3.7639
-3.6728
-2.5155
-2.1777
-2.5912
-2.1812
-2.2331
-2.854
-3.9739
-3.328
-2.482
-2.6213
-3.8612
-3.5445
-4.3848
-4.5631
-1.7864
-2.2484
-2.6732
-4.3063
-4.8452
-4.6638
-4.4044
-4.8073
-4.864
-4.5527
-3.0255
-3.001
-3.1427
-2.6407
-2.3895
-2.9968
-3.3909
-2.7918
-1.5579
-1.9598
-3.5748
-4.125
-3.0214
-2.6833
-4.1768
-4.0003
-4.3581
-4.7223
-4.2204
-4.5094
-4.5105
-4.9433
-4.8756
-4.7766
-4.8526
-4.5491
-4.954
-5.2206
-4.4453
-2.0844
-3.7226
-4.6745
-5.2128
-4.7485
-4.5656
-4.2459
-4.2498
-4.1494
-3.9981
-1.7976
-4.3125
-4.6143
-4.7956
-4.6445
-5.0976
-5.1379
-5.0471
-4.3825
-3.9628
-4.4949
-4.7235
-4.3469
-4.7083
-4.7853
-4.4508
-3.9292
-4.0109
-4.1619
-3.4858
-3.1248
-2.4448
-3.4665
-3.8843
-3.2701
-2.755
-2.4359
-1.6574
-3.4149
-3.868
-4.3225
-4.3684
-4.225
-3.6016
-4.4604
-4.2864
-4.0813
-4.0082
-4.0992
-4.0525
-4.2969
-3.7997
-3.6281
-3.6813
-3.9415
-3.7269
-3.8497
-3.5608
-3.497
-3.7353
-3.5487
-3.4934
-3.8333
-3.3173
-3.0813
-3.2134
-2.9389
-3.3839
-2.6827
-2.5767
-1.9893
-2.3507
-2.1952
-2.7833
-3.2862
-3.2306
-3.1778
-3.1838
-3.268
-2.7741
-2.8583
-3.1684
-3.5971
-3.2987
-2.9709
-2.7439
-2.4729
-2.2464
-2.2575
-2.3873
-2.099
-1.9647
-1.829
-1.7891
-1.7909
-1.7567
-1.6992
-1.6576
-1.6456
-1.578
-1.2406
-1.4291
-1.3667
-1.4408
-1.37
-1.5361
-1.4312
-1.3287
-1.2972
-1.5232
-1.4447
-1.4551
-1.8938
-1.668
-1.2563
-1.0797
-0.778
-0.9618
-1.004
-0.6155
-0.8441
-0.8005
-1.1051
-1.6231
-1.1426
-1.333
-1.3809
-1.6304
-1.3218
-1.2629
-1.1826
-1.2686
-1.1573
-1.1278
-1.2049
-0.8413
-1.2037
-1.0862
-1.235
-1.7966
-1.3969
-1.3852
-1.6447
-1.6003
-1.5947
-1.3784
-0.9524
-1.3618
-1.0755
-0.9515
-0.641
-1.1884
-1.2224
-1.0321
-0.9336
-1.2314
-1.0687
-0.9606
-0.5703
-0.8555
-0.869
-0.8378
-0.7434
-0.8862
-0.7546
-0.7177
-0.9388
-0.6293
-1.0283
-1.0281
-1.2661
-1.1277
-0.9657
-1.0165
-0.9497
-0.7238
-1.0825
-0.9266
-1.0756
-1.1206
-0.5837
-0.9761
-1.2267
-0.6041
-0.8648
-1.1447
-1.2046
-1.2805
-1.2664
-1.433
-1.3318
-1.4141
-1.303
-1.2707
-1.2758
-0.8568
-0.9834
-1.08
-0.9252
-0.9303
-0.4899
-0.5489
-0.7473
-0.7365
-0.6791
-0.8782
-1.4667
-1.2116
-1.2148
-1.5253
-1.2806
-1.1806
-1.1569
-1.3311
-1.4332
-0.8469
-1.515
-1.2952
-1.2643
-1.219
-1.5064
-1.6364
-0.6942
-1.1671
-0.9383
-0.9057
-1.4587
-1.2316
-1.5425
-2.2255
-0.8431
-0.9767
-0.8286
-0.8639
-0.8016
-0.6777
-0.9763
-1.7399
-2.0737
-1.3276
-0.9076
-1.4221
-2.1562
-1.8868
-1.9765
-1.8693
-2.7687
-2.9963
-2.2919
-2.5407
-1.5795
-1.4129
-1.8456
-2.2822
-2.8173
-1.9853
-1.7299
-2.8447
-2.9314
-2.5096
-3.1606
-3.6648
-3.8147
-3.1174
-3.5921
-3.5101
-3.385
-2.9016
-1.2541
-1.4877
-1.1205
-2.372
-1.7531
-4.0492
-3.5152
-3.616
-3.6481
-3.6051
-2.2908
-1.2256
-1.3986
-1.541
-3.3553
-3.1398
-1.9598
-1.1865
-2.3407
-1.8853
-2.274
-3.5629
-3.8568
-2.6689
-2.3306
-3.7644
-2.0139
-1.61
-1.4252
-3.2252
-3.4059
-2.6652
-2.2231
-3.314
-4.2812
-4.4798
-3.4373
-3.8734
-2.0236
-3.1326
-3.3075
-2.0336
-1.4788
-2.7421
-2.5021
-0.7714
-1.1103
-2.5443
-1.8309
-2.0921
-2.2473
-3.7097
-1.8899
-2.4678
-4.233
-3.8176
-3.559
-2.1338
-2.0495
-2.0695
-3.823
-3.5869
-3.1565
-3.0947
-1.8258
-1.4478
-2.4572
-3.2107
-4.4744
-4.9877
-4.7148
-2.6915
-3.288
-2.5178
-3.8958
-4.2734
-3.4257
-4.4365
-4.68
-5.0904
-4.5745
-4.0714
-4.9523
-4.8329
-3.9696
-2.2779
-2.481
-1.9614
-2.1557
-3.0132
-2.209
-2.7081
-4.2303
-4.5702
-3.367
-4.6286
-4.8725
-4.6343
-4.2912
-4.0106
-4.2905
-4.33
-4.6083
-2.4149
-3.1248
-1.3062
-3.933
-4.4992
-4.7607
-4.9833
-5.1941
-4.7094
-4.5188
-4.0116
-4.6333
-4.4308
-4.5289
-4.1396
-3.9025
-4.1173
-4.1085
-3.8778
-5.8826
-2.962
-2.9558
-3.2845
-3.1186
-3.315
-2.3647
-3.7549
-3.2698
-3.8084
-3.8856
-4.1836
-4.2968
-4.475
-4.1838
-4.0845
-3.7769
-3.9055
-3.795
-3.5431
-2.369
-2.4509
-1.6501
-3.8594
-2.2815
-2.1076
-1.8348
-2.2606
-3.0098
-1.7903
-4.2219
-3.982
-3.9864
-3.2136
-3.6013
-3.7229
-1.8123
-1.4318
-2.2643
-2.9366
-3.3344
-3.4144
-1.8712
-0.9397
-1.2774
-1.6997
-3.0843
-3.4246
-2.7218
-1.9583
-4.5385
-3.8824
-3.1893
-1.3484
-1.8681
-1.5414
-2.3338
-2.8288
-2.3516
-1.2657
-2.2172
-2.9598
-1.105
-1.4246
-3.7286
-3.5019
-3.1976
-2.9494
-3.1745
-3.2364
-3.0813
-2.9501
-2.4237
-1.8602
-2.5725
-1.9165
-2.6618
-2.0894
-2.6032
-2.2639
-2.162
-1.6132
-1.6508
-1.4013
-1.1944
-0.8222
-2.3505
-1.2505
-1.1679
-1.2415
-1.5294
-2.2394
-1.8481
-1.6937
-1.2937
-1.0809
-1.0697
-0.7778
-1.3816
-1.7102
-1.5024
-1.9183
-1.014
-1.0385
-1.5447
-1.0531
-1.2703
-1.7943
-2.0698
-0.8258
-2.1048
-1.8552
-1.4808
-0.699
-0.74
-1.0979
-0.6619
-1.4639
-1.5198
-1.0693
-1.0221
-1.3843
-1.3962
-0.4534
-0.748
-0.7869
-0.8
-1.0186
-0.8563
-1.1282
-1.8463
-1.6146
-1.4148
-1.0929
-0.7217
-0.8228
-0.3119
-0.2788
-0.7152
-0.7473
-0.7226
-1.0075
-1.3166
-1.3788
-1.292
-1.0839
-1.255
-1.1943
-1.2056
-1.1307
-0.3116
-0.8614
-0.7571
-1.1017
-0.7614
-0.6798
-0.8511
-0.7562
-0.701
-1.0507
-0.8922
-0.8981
-1.1019
-1.6443
-1.061
-0.9094
-0.9176
-1.1564
-1.3215
-1.5134
-1.2435
-1.3032
-0.5048
-0.2291
-0.5455
-0.7015
-1.1697
-1.5115
-0.7602
-1.0757
-0.574
-1.2645
-1.7555
-1.6714
-1.8379
-1.9476
-1.8098
-1.6517
-1.6639
-2.1442
-1.9301
-1.8725
-1.831
-1.9607
-1.9608
-0.5528
-1.7866
-1.2142
-0.4234
-1.4685
-1.2254
-1.9693
-1.3263
-1.5277
-2.1481
-2.4829
-2.0003
-2.2347
-2.3848
-2.0132
-2.0171
-2.1583
-1.9116
-2.1882
-2.1042
-1.2847
-1.9806
-1.5078
-0.6554
-2.0206
-1.3373
-1.3001
-1.1642
-0.8402
-2.3571
-1.4309
-1.7576
-1.1469
-1.3647
-1.1136
-2.5679
-2.6759
-2.3863
-2.9024
-1.597
-0.6629
-1.6965
-2.8257
-2.4339
-1.2066
-2.1312
-2.403
-3.7042
-2.7506
-1.4327
-1.1628
-0.6764
-2.1998
-2.4473
-1.9059
-2.7819
-2.4981
-2.9143
-2.9313
-2.466
-3.9938
-3.2918
-2.2127
-2.5882
-2.5491
-2.3878
-2.2893
-1.8459
-3.7861
-3.4007
-3.5945
-3.5848
-2.2859
-3.6231
-4.1918
-3.9489
-3.4307
-3.0126
-3.484
-2.2089
-3.2143
-2.6975
-3.6913
-3.8929
-4.0824
-3.0758
-4.3164
-2.853
-2.3478
-2.8801
-1.8463
-1.43
-0.7329
-1.8465
-2.8795
-2.7248
-2.9022
-3.9729
-4.5059
-4.1995
-1.742
-2.6601
-4.676
-4.1563
-3.3536
-3.4283
-2.603
-2.5528
-3.7791
-4.4506
-3.3829
-4.2005
-3.9654
-3.2104
-2.3543
-2.9744
-1.9957
-2.9289
-1.4265
-1.1808
-1.2308
-4.2743
-4.8912
-4.9304
-4.9912
-4.9467
-4.5384
-4.4231
-4.1298
-4.1405
-4.3163
-2.6484
-4.0636
-4.7047
-5.0261
-3.9348
-4.804
-4.4609
-3.5411
-3.7106
-3.3819
-2.1771
-2.5243
-2.1992
-2.8776
-3.3477
-4.6216
-4.6012
-4.1993
-2.403
-1.8595
-4.9604
-5.0766
-4.9059
-4.679
-4.3941
-4.1508
-4.0474
-3.8406
-3.8567
-4.0432
-3.9203
-4.1843
-4.0652
-2.4634
-3.2135
-3.1429
-2.9792
-3.5954
-3.3527
-3.2924
-3.2591
-3.0959
-3.2875
-2.8779
-3.888
-3.1357
-3.5882
-3.3472
-3.1766
-3.0885
-2.6456
-2.9493
-3.5738
-3.4369
-3.1827
-3.0824
-2.8571
-2.551
-2.9703
-2.6252
-2.848
-2.9984
-2.8581
-2.4835
-1.7505
-2.3529
-3.6472
-3.592
-2.1656
-2.8479
-2.7707
-3.0751
-2.6135
-2.6421
-1.3935
-2.509
-2.6171
-3.2588
-2.591
-2.1562
-3.3874
-3.6211
-4.4688
-3.6468
-3.2497
-2.8039
-2.9149
-3.0504
-3.2283
-3.4294
-4.4871
-2.2375
-2.7154
-3.2705
-2.9258
-2.9806
-2.7001
-2.658
-2.9026
-2.5704
-2.2594
-2.9388
-2.9233
-1.6441
-1.0719
-1.436
-2.1348
-2.5984
-2.2243
-2.2496
-2.802
-0.9461
-0.9367
-2.2015
-2.603
-1.8591
-2.1289
-1.7378
-2.1068
-2.0222
-2.4759
-3.1158
-1.7911
-1.8156
-2.2246
-1.6112
-1.9987
-2.2987
-2.1824
-2.1248
-1.8469
-1.4588
-2.2756
-1.3581
-1.101
-1.9773
-0.7464
-1.4894
-1.3793
-0.7564
-1.504
-1.5885
-1.8751
-1.742
-0.6703
-1.0153
-2.2526
-1.9099
-0.7
-1.1487
-1.2014
-1.7949
-1.8455
-1.3094
-0.9416
-1.3718
-1.5733
-1.5167
-1.4252
-0.885
-1.6908
-1.5176
-1.4177
-1.5672
-1.4663
-0.746
-1.3575
-0.8137
-0.9582
-1.5028
-1.5166
-1.2463
-0.4398
-0.7478
-1.1826
-1.1491
-1.0834
-1.4034
-0.8374
-0.9808
-1.3455
-0.9645
-1.4222
-1.345
-1.1436
-1.1667
-1.0415
-1.1627
-1.1045
-1.3072
-1.0208
-0.8559
-1.2403
-0.9398
-1.2526
-1.2176
-0.9753
-0.9027
-0.9225
-0.8621
-0.8283
-1.072
-0.7468
-0.6188
-0.976
-1.2829
-1.5517
-1.7535
-1.5059
-1.3582
-0.8973
-1.3154
-1.5363
-1.4974
-1.5606
-1.4139
-1.162
-1.2652
-0.7796
-1.4703
-1.595
-1.4149
-1.4515
-1.9516
-1.7422
-1.5108
-1.8292
-1.9186
-1.7282
-1.8157
-1.8083
-1.7656
-1.8096
-1.7359
-1.7167
-1.6503
-1.7758
-1.8239
-1.8858
-1.6113
-1.2706
-0.9258
-2.062
-1.9028
-1.4834
-2.4179
-2.1702
-1.7405
-1.6731
-1.9233
-1.1839
-1.5673
-1.4645
-2.1023
-0.6907
-1.0217
-0.9359
-2.2867
-1.4381
-1.8039
-0.8295
-1.0486
-1.1346
-1.1756
-1.6006
-1.1178
-1.1974
-1.7978
-2.0485
-1.4738
-2.5095
-3.2393
-1.7425
-1.8986
-2.3769
-1.5433
-3.0692
-3.2374
-3.3459
-3.5176
-2.3563
-2.5649
-2.872
-3.2574
-2.3614
-2.8179
-2.3645
-1.088
-2.6029
-3.6331
-2.505
-2.2862
-1.387
-3.4843
-2.0551
-1.8115
-2.2859
-3.6944
-3.4557
-3.4995
-2.4748
-2.0322
-0.9499
-3.7681
-3.9218
-3.8424
-3.3303
-3.0683
-3.5242
-2.8177
-2.1412
-3.6894
-4.0581
-3.0037
-4.3393
-4.2945
-3.9469
-1.8681
-3.5891
-4.1956
-2.8237
-3.2593
-3.6783
-4.0726
-3.1717
-3.1489
-3.9197
-2.8114
-3.1043
-2.7185
-2.7695
-4.1521
-4.4962
-4.3958
-4.2307
-3.1529
-3.082
-2.1544
-1.3471
-0.8074
-1.9916
-3.4138
-3.6531
-2.9199
-3.4722
-3.9692
-4.8619
-4.1683
-4.1367
-2.1317
-1.7613
-0.9477
-0.7358
-1.0259
-1.1634
-1.6543
-0.9071
-2.2026
-1.997
-4.1943
-3.3469
-3.6659
-2.2076
-1.3562
-2.5646
-4.134
-4.817
-4.4401
-4.4308
-5.0491
-4.9657
-5.0239
-4.9175
-4.6403
-4.3625
-5.1108
-4.9157
-4.9273
-4.6958
-4.5566
-4.3382
-4.2769
-3.8834
-3.8399
-3.7245
-3.6163
-3.2114
-3.1973
-3.001
-2.8341
-2.603
-2.4953
-2.5399
-2.6981
-2.5019
-2.495
-3.0509
-2.4342
-1.6314
-4.3109
-3.5141
-4.5257
-4.8073
-4.6626
-4.5756
-4.6454
-4.34
-3.1416
-3.5357
-3.9082
-4.0781
-3.8411
-3.5338
-3.581
-3.644
-3.7305
-3.4013
-3.2971
-3.254
-3.0106
-2.9912
-3.0676
-3.4311
-3.6275
-2.9842
-3.045
-2.7808
-2.6504
-2.516
-2.8443
-2.375
-1.6877
-1.8818
-1.8959
-2.0588
-2.2753
-3.1684
-3.3427
-3.6009
-3.1422
-3.0404
-3.6045
-3.6338
-3.2631
-2.7013
-2.8262
-2.7058
-2.4845
-2.2467
-2.4658
-2.4676
-2.3165
-2.6398
-2.4157
-2.3216
-2.2446
-2.3925
-2.2889
-2.4122
-2.2761
-2.1704
-2.895
-2.1659
-2.203
-2.3004
-2.4018
-2.6533
-1.7597
-1.9257
-2.2121
-2.2422
-2.4493
-2.9151
-1.738
-1.675
-2.1751
-1.8991
-1.6655
-1.9177
-2.2788
-2.148
-2.0004
-1.8671
-1.5827
-1.5114
-1.3786
-1.3689
-1.3656
-1.1204
-0.9977
-0.9705
-1.0684
-1.1552
-0.9867
-0.8807
-0.6061
-0.6553
-1.1394
-1.4108
-1.0634
-0.5646
-0.6635
-0.7266
-0.8738
-0.8611
-0.4947
-1.2491
-2.1243
-1.1247
-1.2565
-0.8146
-1.054
-1.7222
-1.219
-1.2436
-1.0385
-1.3556
-1.2292
-1.2639
-1.4802
-0.7042
-1.1029
-1.4275
-1.7168
-1.5946
-1.0541
-1.4531
-1.3772
-1.0839
-1.2111
-1.1618
-0.8224
-0.5525
-0.5034
-0.587
-1.1475
-1.2608
-1.2759
-1.2649
-1.212
-1.0813
-1.0278
-0.573
-1.2301
-1.0623
-0.9694
-0.8152
-0.4477
-0.6297
-0.5382
-0.9315
-0.8095
-0.5778
-0.7049
-0.9368
-0.7697
-0.5012
-0.9044
-1.083
-1.563
-1.426
-1.3653
-1.4098
-1.204
-1.0674
-1.1907
-1.1725
-1.2474
-1.148
-1.1891
-0.8729
-1.197
-1.2914
-0.6515
-0.7025
-1.4414
-0.7633
-1.1022
-1.4728
-1.0337
-1.1638
-0.4354
-1.559
-0.8765
-1.5239
-1.434
-1.5051
-1.3327
-1.3578
-1.4954
-0.4113
-0.9005
-1.3993
-1.5871
-1.5474
-1.5107
-0.7561
-1.2183
-1.2062
-1.1963
-1.5021
-1.4781
-1.3508
-0.8069
-1.6782
-1.5973
-0.8949
-0.9284
-1.8572
-1.5197
-2.3322
-1.4935
-1.6655
-2.3229
-2.5726
-1.3279
-1.9676
-1.0395
-2.0402
-2.0978
-2.3892
-1.9898
-1.9136
-2.2204
-1.1675
-2.0143
-2.2709
-1.9927
-2.1256
-1.4896
-2.2492
-2.5796
-2.9063
-2.4195
-0.9655
-1.3242
-1.9659
-2.9134
-2.1189
-2.3528
-3.0621
-2.7201
-2.7267
-2.5155
-2.6837
-2.9309
-1.9224
-3.072
-2.907
-3.1046
-3.026
-2.215
-2.4388
-3.0134
-2.657
-1.2811
-1.3181
-3.1298
-3.3791
-3.5077
-3.2721
-2.8289
-2.7859
-2.5522
-2.0804
-2.2083
-1.584
-1.413
-1.5026
-1.9257
-2.9762
-3.2532
-3.0072
-2.5011
-4.07
-3.3292
-3.2924
-2.9348
-3.5942
-2.9563
-3.123
-2.4864
-3.66
-3.7144
-3.7704
-3.81
-4.1306
-3.8468
-3.6993
-3.1319
-3.2685
-3.6223
-3.7427
-3.609
-3.9655
-4.1898
-3.8943
-3.6665
-3.8775
-4.1991
-3.2914
-2.9785
-1.4072
-1.7679
-1.5828
-2.4465
-2.1022
-0.8388
-2.0854
-3.5801
-3.462
-2.8929
-4.9095
-2.7553
-3.2568
-1.8317
-4.7775
-4.99
-4.5853
-3.1274
-4.0617
-2.1934
-3.0802
-2.8452
-2.8648
-4.264
-5.0612
-5.0507
-5.126
-5.1678
-4.6254
-4.3142
-3.9522
-4.0791
-3.4533
-4.5412
-4.0328
-2.6435
-3.0131
-4.4501
-4.9146
-5.0577
-4.8138
-5.2511
-4.7518
-5.1399
-4.2852
-5.0788
-4.4848
-4.372
-3.9346
-4.3051
-4.3644
-4.1119
-3.4085
-3.7831
-4.511
-3.9671
-3.979
-3.8528
-3.6052
-3.5447
-3.6287
-3.5528
-3.2629
-4.1321
-3.6306
-3.9333
-4.0478
-4.0728
-3.8649
-3.771
-3.5802
-3.087
-3.0087
-2.8295
-3.1595
-3.3082
-3.1214
-2.9306
-2.8384
-2.6753
-2.5311
-2.9145
-3.1512
-2.7056
-2.8091
-1.4474
-3.6003
-3.3669
-3.4723
-3.0333
-2.5082
-2.7986
-3.2405
-3.8124
-3.8138
-3.5778
-3.816
-3.4055
-4.2816
-1.5162
-2.3375
-3.726
-2.2441
-3.2012
-3.5134
-3.6919
-3.872
-2.9379
-3.3855
-3.5447
-3.4078
-3.4563
-3.2346
-2.4608
-2.7898
-3.4358
-3.6008
-3.6584
-3.0589
-3.2505
-2.8819
-2.7701
-2.6241
-2.2674
-2.2377
-2.2238
-1.9199
-1.7708
-1.6168
-1.5526
-1.6014
-1.5593
-1.6815
-1.9681
-1.5978
-0.7005
-0.8494
-0.8931
-1.1346
-1.9169
-1.5201
-1.779
-1.6585
-0.9641
-1.6106
-0.9178
-1.0319
-1.6008
-2.9498
-2.4617
-2.397
-2.3792
-2.2762
-1.2923
-1.2556
-0.7124
-1.2309
-1.6186
-1.6682
-1.5208
-1.1441
-1.4259
-1.3373
-1.5407
-1.6732
-1.0232
-1.14
-1.318
-1.0326
-1.0703
-1.5797
-1.3103
-1.0258
-1.1208
-1.8933
-1.3942
-1.5008
-1.1447
-1.7518
-1.712
-1.4945
-1.6274
-1.6815
-1.39
-1.585
-1.6616
-1.5582
-1.0532
-1.6059
-1.6681
-1.2837
-1.2036
-0.8919
-1.0086
-0.8836
-0.9433
-0.5505
-0.6975
-0.7923
-1.4672
-1.4896
-1.5541
-0.4159
-0.9205
-1.0191
-1.0917
-0.9368
-0.6215
-0.8487
-1.1138
-1.0163
-1.2245
-1.3085
-0.9096
-0.5664
-0.6104
-0.6984
-0.5891
-0.5572
-0.7912
-0.5543
-0.7419
-0.7319
-0.4258
-0.8402
-0.8708
-0.5162
-0.8319
-0.7989
-0.9371
-1.0021
-1.4443
-0.9269
-1.1184
-0.671
-1.564
-1.6133
-1.5916
-1.5011
-1.5806
-1.3832
-1.4419
-1.5218
-1.4672
-1.0587
-1.2516
-1.0371
-1.2333
-0.8103
-1.2603
-1.5315
-1.5409
-1.007
-0.9897
-0.9784
-0.6521
-1.4498
-0.8415
-0.6859
-1.4962
-1.2101
-0.6825
-0.889
-1.2201
-1.2832
-1.0258
-1.147
-1.0722
-0.7392
-0.7413
-1.1443
-1.6002
-0.9259
-1.0815
-1.6923
-1.0174
-2.3
-1.7068
-1.519
-1.3075
-1.7537
-0.8283
-1.69
-2.545
-2.7402
-2.6336
-0.8789
-3.0164
-1.9501
-1.0733
-0.8031
-1.7859
-2.8645
-3.088
-1.5118
-1.2141
-1.8644
-1.2142
-2.6455
-2.6573
-2.5477
-1.9283
-3.1995
-2.0601
-2.1379
-1.862
-0.9471
-1.0786
-2.0494
-2.7171
-2.7856
-3.297
-3.5604
-2.2405
-1.3972
-2.6602
-1.914
-1.4028
-1.5325
-1.001
-3.3494
-3.6577
-2.091
-2.7557
-2.5141
-3.0328
-2.8945
-2.3943
-1.9142
-3.8884
-3.084
-2.5622
-3.1876
-1.5674
-2.8457
-2.8593
-4.198
-3.8421
-3.0543
-1.2352
-2.0625
-2.0354
-2.6666
-2.3027
-3.0102
-3.9542
-2.8287
-3.2249
-3.5067
-3.0814
-3.5498
-2.7742
-2.3985
-2.5538
-1.9109
-1.717
-3.8227
-4.4223
-3.0803
-3.1176
-2.6663
-1.4557
-2.1258
-3.1448
-2.6851
-0.9637
-0.9984
-4.0069
-4.4319
-4.4271
-2.473
-1.7498
-1.6527
-1.675
-1.4304
-4.618
-3.8965
-0.992
-3.3505
-4.7915
-5.1614
-4.5779
-3.3951
-3.8955
-4.1457
-3.3346
-1.2718
-1.049
-1.0564
-1.1181
-2.8509
-3.9166
-4.7148
-4.7503
-4.5348
-4.5846
-4.5909
-2.6148
-2.9516
-2.4094
-2.6179
-1.7667
-2.9675
-1.972
-1.9046
-2.4107
-4.8258
-3.8015
-3.1293
-3.1695
-4.3332
-5.1779
-4.8488
-5.02
-4.6461
-4.1558
-3.8838
-5.0138
-4.9782
-4.8952
-4.7925
-4.0293
-4.51
-4.5951
-4.4215
-4.0235
-3.8119
-3.7719
-3.7595
-3.624
-3.1923
-3.1426
-2.9683
-2.5903
-3.4029
-2.8045
-3.2141
-3.0189
-2.7882
-2.5657
-2.7469
-2.6805
-2.7105
-2.8072
-2.7871
-2.5571
-2.1986
-1.9989
-1.9991
-1.6813
-2.3113
-2.3228
-2.1038
-2.1079
-1.923
-2.281
-3.3039
-3.5326
-3.189
-3.1872
-3.3229
-2.8459
-3.274
-3.0631
-2.8877
-2.6091
-2.5499
-2.2498
-2.144
-1.9969
-1.9418
-1.8
-1.728
-1.8995
-1.5719
-1.572
-1.4232
-1.1911
-0.9282
-1.06
-1.0582
-1.046
-1.0585
-1.0785
-1.0361
-1.0634
-1.6056
-1.1754
-1.078
-1.0025
-0.9532
-1.0804
-1.0851
-1.0497
-0.9743
-0.964
-0.9587
-0.8397
-0.9584
-1.8199
-1.6089
-1.2415
-1.3469
-1.2198
-0.922
-0.9917
-0.9284
-0.8672
-0.7584
-0.4251
-0.6678
-0.6028
-0.7297
-0.7915
-0.5702
-1.6127
-1.5407
-1.3929
-1.2548
-1.2608
-0.7755
-1.3947
-1.1629
-1.1092
-1.3289
-1.1
-1.0409
-0.9616
-0.9666
-0.943
-0.9977
-0.9097
-0.854
-0.8256
-0.7971
-0.7208
-0.7383
-0.7327
-0.5877
-0.6169
-0.5483
-0.6826
-1.0066
-0.6896
-1.3009
-0.5804
-0.7242
-0.5203
-0.8926
-0.8757
-0.8992
-0.941
-0.6136
-0.6097
-0.6899
-0.6245
-0.5935
-0.6152
-0.6472
-0.5957
-0.4767
-0.5595
-0.4272
-0.4036
-0.4227
-0.4827
-1.1507
-0.6202
-0.5295
-0.7686
-0.4478
-0.5327
-0.7456
-0.6455
-0.9518
-0.8556
-0.841
-1.5405
-0.8686
-0.8548
-0.8183
-0.7371
-0.7901
-0.7781
-0.8514
-0.8027
-0.8749
-0.738
-0.6455
-0.9932
-0.5997
-0.7257
-0.6426
-0.8845
-0.9373
-0.5622
-0.6336
-0.5533
-0.8177
-0.4826
-0.5687
-0.9868
-0.9224
-0.9832
-1.2313
-0.6897
-0.8206
-1.1591
-1.2851
-1.2434
-1.181
-0.7306
-0.5784
-0.7288
-0.9659
-1.0246
-0.9652
-0.9425
-1.3386
-1.5931
-0.6449
-1.0289
-1.0708
-1.1713
-1.7574
-1.4733
-1.8228
-1.7978
-1.4514
-2.0292
-1.8678
-1.5577
-2.1533
-1.844
-1.5964
-1.7478
-1.3671
-1.3956
-1.5236
-1.5016
-0.9235
-1.3409
-1.1918
-1.1991
-1.8832
-1.5444
-1.9561
-1.1363
-1.3903
-1.3864
-0.8268
-1.3781
-2.1129
-2.6586
-2.0282
-0.8118
-0.9887
-1.3964
-1.6609
-2.2232
-2.0845
-2.177
-1.5869
-2.6213
-1.9808
-3.4874
-1.6122
-1.7074
-0.9128
-0.913
-2.1832
-0.7999
-0.6534
-1.1284
-1.7614
-2.1644
-2.692
-3.1511
-3.6999
-3.5826
-2.1411
-3.0145
-3.4464
-1.9739
-3.2249
-3.7936
-3.6714
-3.4675
-3.2348
-3.3243
-2.1023
-1.3557
-1.4293
-3.0317
-3.5677
-3.0298
-4.1969
-3.8207
-3.7122
-3.3723
-3.3729
-3.1434
-2.843
-3.8068
-2.3626
-3.0634
-2.9529
-3.5195
-3.8472
-3.0985
-2.4011
-4.2515
-4.166
-4.1686
-3.8456
-3.2591
-3.2156
-2.6626
-4.3221
-4.1536
-1.4898
-1.1609
-2.6359
-3.8965
-3.5468
-1.2225
-2.6831
-2.1366
-3.7928
-2.8509
-3.5436
-2.5749
-3.1866
-3.2033
-3.5069
-2.9784
-2.1864
-2.7519
-0.9851
-1.5827
-2.6025
-3.612
-4.9639
-4.7736
-4.5146
-4.7852
-4.7883
-4.9329
-3.9293
-4.0356
-4.1835
-3.6623
-3.5775
-3.8703
-3.0968
-3.3036
-2.8628
-4.1595
-4.4707
-4.1451
-3.2119
-2.8009
-3.6104
-3.5316
-3.8645
-4.3028
-3.9396
-2.8469
-2.9199
-2.6076
-1.8067
-5.1364
-4.9944
-4.5443
-4.5104
-4.2082
-3.5253
-3.6962
-3.4427
-3.6754
-3.1169
-3.3144
-3.3127
-2.6785
-2.4563
-2.8962
-3.6141
-3.9505
-4.0512
-4.5951
-3.7344
-3.4745
-3.9372
-3.6038
-3.0898
-3.3449
-3.1273
-3.3173
-3.1974
-3.1482
-2.9185
-2.4326
-3.4978
-3.3966
-3.517
-3.1421
-3.2959
-2.7439
-2.8717
-2.4995
-2.2784
-2.3392
-2.3348
-2.1659
-1.74
-1.5778
-2.0478
-2.5723
-3.2851
-2.2887
-3.6085
-3.8592
-3.9651
-3.9274
-3.2824
-3.6265
-3.4251
-3.2631
-3.8076
-3.8738
-2.5345
-2.7151
-3.3027
-3.0217
-3.0202
-1.6808
-1.8638
-2.7101
-3.1974
-3.5657
-2.4928
-1.9558
-1.8511
-1.5838
-2.0884
-1.2339
-1.7873
-3.2272
-1.1273
-0.9596
-1.016
-0.8564
-2.1822
-3.117
-3.0996
-3.3069
-3.6185
-1.7588
-1.6585
-2.374
-3.0249
-2.9434
-2.7064
-2.5782
-2.2773
-1.9165
-1.8435
-1.9712
-1.31
-1.4222
-1.6732
-1.4831
-1.782
-1.5568
-1.0819
-2.1915
-1.8686
-1.371
-1.7602
-1.6204
-1.4702
-1.0446
-1.2888
-1.2734
-1.1545
-1.0261
-1.0839
-0.8052
-0.7694
-0.864
-0.468
-0.8552
-0.8751
-0.8073
-0.8022
-0.7887
-0.8699
-0.6841
-0.7688
-0.7337
-0.597
-0.8314
-0.7045
-1.2889
-1.1301
-1.0571
-0.6597
-0.4492
-0.7225
-0.5934
-0.537
-0.5161
-0.4892
-0.4057
-0.5527
-0.6959
-0.6719
-0.6548
-0.6954
-0.6488
-0.6643
-0.3466
-0.6094
-0.3943
-0.4188
-0.6024
-1.3399
-1.8956
-1.0962
-1.0635
-0.8083
-0.9147
-0.8242
-0.8143
-0.7407
-0.9635
-0.8799
-1.0946
-0.7202
-0.7218
-0.4763
-0.8473
-2.0289
-1.1287
-0.9331
-0.8803
-0.9048
-0.7696
-0.7818
-0.7033
-0.9818
-1.4891
-0.9644
-0.878
-0.8783
-0.8713
-0.7857
-0.8424
-0.9241
-0.8855
-1.0388
-0.7665
-0.7366
-0.6932
-0.48
-0.668
-0.4346
-0.409
-0.6024
-0.5947
-0.6596
-0.6657
-0.6873
-0.7149
-0.5304
-0.7095
-0.7751
-0.5673
-0.6347
-0.3631
-0.6409
-0.4402
-0.6808
-0.4775
-0.7108
-0.6849
-0.6698
-0.8562
-1.3886
-1.6716
-1.838
-0.7922
-2.1687
-1.8951
-1.7075
-1.8634
-1.7758
-1.3331
-1.835
-1.5757
-0.8894
-0.9072
-0.8714
-1.1363
-1.745
-0.9462
-0.985
-0.8545
-1.7348
-1.1448
-0.753
-1.0226
-1.0851
-0.9006
-1.6126
-0.9036
-1.3177
-1.5386
-2.328
-2.4155
-2.4572
-2.3062
-2.0105
-1.7647
-1.8053
-2.4254
-2.575
-2.1232
-2.7617
-2.6837
-2.3927
-2.1442
-2.7126
-1.6941
-2.0916
-2.91
-2.9444
-2.6137
-1.3698
-1.6286
-1.8303
-1.8247
-1.3604
-1.7951
-2.7168
-2.2006
-2.5428
-2.3878
-1.5819
-1.3612
-1.9856
-3.6276
-2.4158
-1.5573
-3.193
-2.971
-2.9284
-2.5354
-2.5254
-1.8145
-2.4431
-1.4561
-1.4997
-3.7778
-4.2088
-4.0247
-3.9517
-3.0011
-1.8791
-2.2065
-2.9756
-2.1261
-1.4544
-2.3041
-3.7343
-3.1961
-2.2819
-3.2598
-4.5261
-4.6947
-4.0962
-3.4793
-2.3353
-2.7522
-1.7088
-1.711
-3.0759
-3.6686
-2.0674
-1.8468
-3.9894
-2.3401
-1.3283
-1.4638
-2.4108
-1.803
-2.6341
-3.5214
-3.0853
-1.7351
-2.8183
-4.4124
-4.6462
-3.4967
-3.5762
-3.2616
-3.8187
-4.0523
-3.4153
-4.5051
-4.5562
-4.4196
-4.5733
-4.0738
-3.7739
-3.7819
-2.9872
-3.2676
-1.6191
-3.3715
-3.8298
-4.054
-3.1436
-1.0473
-1.8778
-1.8965
-3.0382
-4.7312
-4.0103
-4.9135
-5.1013
-4.9079
-4.8209
-4.9088
-4.3511
-4.7218
-4.5447
-4.6779
-4.4257
-4.079
-3.8847
-3.5365
-3.3411
-2.5038
-2.7154
-2.8142
-2.7778
-2.6659
-2.5785
-2.2309
-2.0764
-1.9087
-2.0605
-2.5003
-3.1535
-3.3841
-3.6663
-3.8755
-3.957
-4.1043
-2.8721
-2.1827
-2.1493
-4.5462
-4.328
-4.4148
-3.6599
-2.9845
-2.8566
-2.3174
-3.5143
-3.9677
-3.6805
-1.4792
-3.5212
-4.0755
-4.0633
-3.3198
-4.126
-4.1597
-4.3259
-4.3043
-4.3802
-4.2433
-4.7057
-4.3793
-4.32
-3.5844
-3.8876
-3.901
-3.7901
-4.1449
-3.6701
-3.7802
-3.5395
-2.8941
-3.8666
-4.459
-4.2355
-3.7532
-3.2381
-3.5924
-3.5733
-3.5638
-3.2716
-2.9354
-2.9299
-2.919
-3.053
-3.0294
-2.3064
-2.7155
-2.8018
-2.4991
-2.4097
-2.3225
-2.1732
-2.0446
-2.1709
-1.9038
-1.8768
-1.459
-1.6161
-1.2746
-1.4373
-1.5467
-1.5101
-1.2354
-1.1406
-1.9633
-0.7673
-1.2066
-1.9018
-1.7553
-1.2508
-1.4741
-0.8553
-1.5344
-1.5239
-1.2884
-0.882
-0.9133
-1.9488
-1.2218
-0.749
-1.2699
-1.2587
-1.1886
-1.4046
-1.1969
-1.6078
-0.9269
-0.647
-0.8373
-1.1471
-2.6378
-2.1971
-1.9103
-2.1559
-2.0896
-2.1018
-1.2409
-1.7143
-1.8924
-0.6477
-0.3544
-1.1983
-1.1049
-1.275
-1.3315
-1.6634
-2.0068
-1.7175
-1.6624
-1.9884
-1.7938
-1.2628
-1.1407
-1.3553
-1.7813
-1.509
-1.5049
-1.4778
-1.311
-1.3643
-1.4712
-1.2346
-1.2166
-1.1606
-1.1435
-1.1422
-0.4927
-0.9334
-0.7339
-0.6443
-1.2173
-1.4034
-1.2473
-0.5341
-0.3934
-1.0027
-0.9877
-1.5387
-0.905
-0.981
-1.0824
-0.7303
-0.8308
-0.9213
-0.9944
-0.7848
-1.2621
-1.2855
-1.3287
-0.9281
-0.8128
-0.968
-1.0903
-0.5813
-1.0551
-1.3342
-0.9316
-1.1035
-0.8538
-1.1729
-0.4595
-0.604
-0.7743
-1.1774
-1.2301
-1.2425
-0.7708
-0.9549
-0.8643
-0.7148
-1.101
-0.8093
-0.8612
-1.2117
-1.2215
-0.9284
-0.7419
-0.7276
-0.8158
-0.851
-1.2531
-1.3303
-0.8769
-0.9162
-0.8074
-0.7976
-0.5603
-1.0559
-0.7086
-1.4564
-1.3985
-0.9933
-1.0908
-0.8401
-1.6359
-1.3128
-0.6703
-0.8692
-0.8165
-1.5974
-1.6108
-1.7977
-1.8745
-2.1758
-1.2922
-2.0046
-1.9205
-1.6829
-1.6075
-1.4385
-1.6647
-2.4508
-2.6042
-2.3353
-2.51
-2.8184
-2.2161
-2.4018
-2.5703
-2.4993
-2.6481
-1.8848
-2.731
-2.0432
-2.3574
-1.3523
-1.4416
-2.6395
-1.5519
-2.0692
-1.4989
-1.3213
-2.7619
-2.1618
-2.1166
-1.9639
-2.3203
-3.3662
-3.2531
-3.3991
-3.0229
-3.3679
-3.7213
-3.4095
-3.011
-2.828
-2.9478
-2.9985
-2.5702
-2.4401
-1.5578
-1.6106
-1.2739
-2.8106
-2.7136
-2.7637
-2.0534
-2.5297
-3.3883
-3.6308
-3.1696
-2.3008
-2.4525
-1.9955
-1.3978
-1.8736
-2.997
-4.2444
-3.974
-3.9692
-3.352
-2.2811
-2.3584
-2.6536
-1.1853
-1.7444
-1.0128
-1.1673
-0.9456
-1.2183
-2.0563
-3.7044
-4.4778
-3.333
-1.9297
-2.118
-0.7631
-0.7997
-1.1298
-0.7055
-0.9508
-1.6037
-1.4961
-3.4182
-2.1531
-3.1479
-3.0316
-2.539
-2.1142
-3.42
-3.2607
-3.5369
-3.4098
-2.568
-1.2671
-1.1691
-1.5405
-1.1977
-1.53
-2.3174
-3.0454
-2.3764
-1.0622
-1.5625
-2.5743
-2.7973
-2.2385
-2.8869
-4.9587
-4.5127
-4.9468
-4.8102
-4.8928
-4.8859
-4.4263
-3.8295
-4.3503
-3.2857
-3.0121
-4.2275
-3.86
-4.1909
-4.5018
-4.8408
-4.6318
-4.4486
-4.2167
-3.8097
-3.4276
-3.2088
-2.7399
-2.5959
-2.1456
-3.5099
-3.2063
-3.8556
-3.551
-3.2946
-3.0941
-2.6933
-2.6556
-2.4877
-2.3143
-2.6547
-2.8561
-2.9075
-2.4473
-2.2675
-1.9313
-2.9925
-3.0729
-2.7044
-2.4932
-3.2203
-3.6652
-3.6483
-3.2992
-3.2361
-2.9492
-2.7929
-2.6054
-2.3068
-2.1012
-2.1328
-2.1749
-1.8685
-1.7465
-1.6861
-1.5691
-1.5711
-1.6739
-1.4048
-1.3842
-1.606
-2.2545
-2.6427
-2.9999
-3.0259
-3.3903
-2.7775
-1.875
-1.5821
-2.1491
-1.2496
-1.4889
-1.6922
-1.5954
-1.349
-1.3593
-1.3406
-1.0314
-0.9403
-1.0152
-0.9174
-0.9135
-0.9017
-0.8672
-0.8888
-0.7622
-0.6322
-0.6219
-0.7655
-0.7751
-0.7009
-0.6199
-0.5946
-0.609
-0.5903
-0.5968
-0.5815
-0.6002
-0.9108
-1.5323
-1.3173
-0.7482
-0.6336
-0.7451
-1.1665
-1.0414
-0.8402
-0.7327
-0.6929
-0.5153
-0.6453
-0.6255
-0.6015
-0.5037
-0.4273
-0.4655
-0.5247
-0.5353
-0.5314
-0.4177
-0.4196
-0.324
-0.2319
-0.3816
-0.4075
-0.7851
-2.3579
-0.9499
-1.3819
-1.0532
-0.9451
-1.3232
-1.607
-1.529
-1.6487
-1.3641
-1.4925
-1.6288
-1.6227
-1.3056
-0.9406
-1.1918
-0.9927
-1.0329
-0.5957
-1.0567
-1.5065
-0.7251
-0.9421
-0.8488
-0.4413
-1.7834
-0.9566
-1.4746
-2.4728
-2.3534
-1.5305
-1.0251
-0.7887
-0.9454
-0.9257
-0.9889
-0.8885
-0.9624
-0.8583
-1.1659
-1.0157
-0.8753
-0.8842
-1.067
-0.8101
-1.5435
-1.4842
-1.4404
-1.347
-1.1577
-1.5434
-1.611
-1.5958
-1.5151
-1.4031
-1.2431
-1.2604
-1.2878
-0.7425
-0.4735
-1.1293
-1.0461
-1.0249
-0.6274
-0.7133
-0.9891
-1.2865
-1.3863
-1.4909
-0.924
-0.6989
-0.9372
-1.3179
-0.9103
-2.0502
-1.4819
-1.0445
-1.1087
-1.3316
-1.2171
-0.8947
-1.1299
-1.3546
-1.3551
-1.6694
-1.3969
-1.3795
-1.804
-1.6282
-1.5213
-1.5872
-1.7591
-0.6044
-1.1855
-0.4744
-0.48
-0.5792
-0.8826
-0.7472
-1.129
-0.9608
-0.9823
-0.6893
-1.2467
-1.6906
-1.0461
-1.8066
-1.7269
-1.9737
-2.0604
-1.2386
-2.2582
-2.2421
-1.8669
-2.0778
-0.8966
-2.0886
-2.0081
-1.7746
-1.641
-1.8534
-2.0743
-1.9643
-2.2594
-2.1219
-2.2595
-2.1149
-1.8021
-1.9504
-2.2617
-2.0305
-2.2602
-1.6384
-2.2835
-1.8272
-2.433
-2.4323
-1.0191
-1.2077
-1.6457
-2.3294
-1.9576
-1.2985
-1.4509
-1.3091
-1.2489
-1.1421
-1.4526
-0.7963
-0.9494
-0.8055
-1.5403
-2.6136
-3.5594
-2.8468
-1.4757
-1.8053
-3.3551
-3.3125
-3.3845
-3.1678
-2.0626
-1.7858
-2.9123
-2.4092
-3.7387
-4.0326
-4.4108
-2.602
-1.6552
-2.4992
-2.9947
-3.0757
-2.9339
-1.8295
-1.5015
-2.0156
-3.5853
-3.3094
-2.0894
-1.9687
-4.2526
-3.4404
-2.9968
-3.6088
-2.9945
-2.8236
-2.5499
-1.9842
-2.8147
-4.139
-1.5367
-1.6646
-3.6375
-2.9117
-3.6344
-2.6352
-3.0298
-3.8577
-4.1015
-2.6627
-3.0882
-2.8069
-1.6931
-1.8217
-2.3383
-3.906
-3.9253
-4.2519
-4.5184
-4.5696
-4.3143
-3.6641
-3.968
-3.655
-3.7039
-3.4476
-3.8091
-3.2355
-2.9982
-1.5615
-3.738
-4.2705
-4.5858
-3.1028
-1.2143
-3.307
-2.1364
-2.3477
-2.5651
-4.4897
-3.6574
-2.5631
-2.6763
-3.3141
-2.0605
-4.6834
-4.2079
-4.2438
-5.0397
-5.0375
-4.1451
-4.4188
-4.2094
-4.5892
-4.6168
-4.1276
-4.8217
-4.7438
-4.2463
-3.9624
-3.7571
-3.3635
-3.2011
-2.9573
-2.8959
-2.8551
-3.0841
-3.2356
-3.2267
-3.1231
-3.0713
-3.3883
-3.3397
-2.4512
-2.6137
-4.6136
-4.8581
-3.8904
-2.8936
-3.4462
-2.1455
-3.3235
-4.3296
-5.0654
-4.7842
-5.2237
-4.9337
-4.8793
-4.7659
-4.4371
-3.5391
-3.2962
-3.8003
-3.7082
-3.5891
-3.6009
-3.9194
-4.278
-3.9752
-3.8993
-3.5624
-3.7993
-4.3092
-2.8288
-3.9896
-3.6616
-3.7222
-3.8634
-3.8724
-3.1345
-3.1537
-3.5746
-3.1536
