4991 1
5.39
0.33
0.01
0.06
10.81
0.88
5.5
0.03
0.02
7.15
12.22
0.0
0.0
0.0
0.02
0.07
0.0
0.01
0.04
2.63
44.13
13.59
9.13
7.07
0.04
0.64
20.62
1.66
1.69
0.15
7.0
1.08
12.15
11.87
8.17
8.74
7.74
0.76
3.63
1.15
0.0
15.11
0.4
24.73
31.61
3.89
3.67
0.04
0.0
0.0
1.02
0.02
2.04
0.0
0.15
10.1
28.15
1.6
0.01
11.2
5.74
2.13
6.89
43.59
38.72
7.72
25.98
0.23
0.0
0.0
1.45
27.43
4.79
15.93
0.04
0.0
0.0
0.0
0.05
0.0
0.0
1.37
23.37
0.14
0.0
0.0
0.0
0.37
3.3
0.03
13.65
7.9
6.9
8.15
16.19
31.58
2.92
17.84
0.01
18.23
15.29
28.8
28.29
14.43
6.86
0.0
0.19
2.81
6.0
24.55
4.97
37.73
0.01
0.0
0.34
4.01
0.0
0.0
0.0
0.0
0.0
0.0
0.0
2.9
6.57
65.06
4.23
5.22
17.8
7.48
8.04
2.54
25.97
45.22
1.55
0.39
0.38
13.1
46.32
8.61
12.3
46.13
0.28
0.0
0.0
0.12
5.33
3.97
13.5
1.25
0.22
10.78
1.02
0.0
0.01
0.54
0.64
0.71
6.3
26.22
1.71
0.64
1.41
25.19
75.42
26.4
29.71
31.45
20.96
3.45
7.8
20.9
55.25
42.79
26.7
35.72
9.68
13.39
1.84
0.63
0.19
0.24
0.0
0.0
0.21
1.82
11.05
7.91
1.13
0.01
0.01
0.03
0.11
2.05
3.09
0.03
0.13
0.68
6.17
0.17
2.3
0.28
0.73
7.07
0.77
8.4
15.24
8.13
2.32
3.81
1.19
0.06
0.41
2.35
0.92
1.24
8.57
12.95
4.68
0.0
0.0
2.41
0.08
0.06
0.14
0.03
0.42
0.28
0.67
14.26
13.01
0.8
0.04
0.38
0.62
0.51
1.97
5.31
2.51
6.0
4.39
1.0
0.37
6.89
15.1
2.45
0.15
0.0
0.02
1.65
0.11
6.44
47.0
7.44
0.99
0.62
1.69
0.16
0.06
0.23
0.3
0.08
0.4
0.33
12.45
30.07
0.35
3.02
9.09
6.58
10.68
3.78
0.92
0.29
0.86
0.13
0.0
0.0
0.0
4.97
0.58
0.04
23.28
2.77
10.94
4.45
7.31
0.83
0.0
0.0
0.0
3.1
0.22
6.28
0.84
6.57
9.28
10.33
0.0
0.0
0.0
0.0
0.0
0.0
0.0
0.0
0.0
0.14
0.05
0.0
0.0
0.0
0.0
0.0
0.0
0.0
0.03
0.43
2.84
0.11
2.16
1.65
0.18
0.84
2.89
1.18
0.11
0.14
0.0
0.0
0.02
2.54
0.37
0.52
0.89
0.03
0.0
0.0
0.0
0.0
0.0
0.0
0.0
2.15
4.6
16.26
18.86
16.87
33.63
0.01
0.0
0.0
0.0
0.0
0.0
0.0
0.0
7.23
5.76
0.0
0.0
0.0
0.0
0.0
0.0
0.0
1.19
0.32
0.87
4.84
0.74
0.0
0.0
0.0
0.3
1.24
0.0
0.11
3.95
0.02
0.0
0.0
1.63
1.13
5.93
0.15
0.18
1.06
0.21
4.1
3.64
1.26
0.07
0.0
0.0
0.0
0.3
0.0
0.0
0.0
0.0
0.0
0.0
0.0
0.19
12.5
0.03
2.92
11.1
0.0
8.51
18.1
3.65
1.75
2.38
0.0
0.0
0.0
0.04
2.91
0.59
0.0
0.01
0.83
1.46
0.3
1.15
0.08
6.43
14.53
0.01
0.0
0.0
0.0
1.29
0.02
0.48
4.93
4.23
0.0
1.11
26.16
16.91
5.9
5.67
2.25
0.0
0.0
0.0
0.92
0.0
0.0
0.0
0.0
0.08
0.0
0.2
6.47
0.0
0.0
0.0
1.73
0.2
0.1
1.08
6.54
1.63
0.13
0.05
0.01
20.05
1.23
0.0
0.0
0.0
2.25
1.69
0.0
0.0
0.0
0.0
0.13
0.06
7.05
22.48
19.26
17.35
24.99
6.63
22.81
13.32
3.7
1.91
3.53
0.41
5.08
28.11
16.36
9.81
6.71
2.37
0.02
0.0
0.0
0.0
0.21
44.19
3.11
0.92
0.07
0.06
0.11
0.0
0.0
0.0
0.0
1.47
9.91
11.62
0.48
0.26
5.01
29.22
10.61
0.58
3.87
14.38
21.84
15.55
2.42
2.47
0.7
0.23
0.29
0.66
3.97
8.59
3.81
0.37
0.15
7.46
0.66
0.23
22.13
1.98
0.8
0.0
0.01
0.0
0.0
0.0
0.0
0.0
0.0
0.22
2.45
2.4
11.17
6.99
5.26
8.46
12.83
18.04
33.95
6.04
6.86
9.49
1.73
0.13
0.03
1.55
1.02
0.02
0.02
0.43
0.52
1.82
0.43
0.14
0.25
0.22
0.97
0.15
2.43
4.07
2.72
0.26
1.98
2.33
1.65
0.79
0.42
0.23
0.08
0.01
1.66
0.0
0.0
0.72
17.33
22.16
12.41
0.25
2.02
6.48
9.86
6.88
9.85
0.65
0.25
0.11
0.22
1.01
1.33
0.51
12.42
19.63
0.22
1.84
0.55
0.2
0.07
0.0
0.13
0.07
0.45
0.0
0.01
0.04
0.1
0.0
2.21
0.08
0.05
0.0
0.63
33.98
5.84
0.03
6.3
3.44
0.01
2.12
2.22
1.4
0.03
0.04
0.08
1.02
5.62
16.51
5.14
0.15
0.0
0.0
0.0
0.09
0.28
0.0
0.04
0.0
6.67
3.43
0.0
0.0
0.0
0.03
0.37
0.0
0.99
0.94
0.24
10.04
0.21
0.39
0.79
34.16
36.58
0.05
0.0
0.0
0.0
0.0
0.0
0.01
4.72
42.95
2.93
0.0
0.0
0.0
0.0
0.0
0.0
0.0
0.0
0.37
0.85
1.9
2.46
0.19
0.0
0.0
0.01
2.05
8.13
6.86
0.0
0.0
0.0
0.0
0.0
0.0
0.0
0.0
0.0
0.0
0.0
0.0
0.01
0.17
0.0
0.0
0.0
0.0
0.0
0.08
10.78
0.4
0.06
0.0
0.09
5.89
7.64
5.65
2.21
0.04
0.01
0.06
0.01
0.0
1.79
4.83
39.78
24.73
0.22
0.0
4.14
7.3
8.19
11.78
5.17
1.67
6.45
0.0
5.16
7.33
4.79
1.75
0.63
0.01
0.14
1.78
0.11
3.16
4.13
32.92
1.22
0.0
4.14
1.19
0.25
0.14
1.34
8.2
5.78
2.69
0.12
0.0
0.0
0.01
0.01
9.49
42.21
16.58
6.38
0.18
22.95
0.11
11.4
4.9
7.14
1.01
13.18
27.81
45.83
10.33
11.68
2.29
0.0
0.0
0.0
0.0
0.63
0.04
0.18
4.02
6.12
9.33
1.41
0.05
2.74
4.71
0.0
0.0
0.0
0.0
0.23
1.16
9.52
0.0
0.0
0.42
0.0
11.66
0.82
0.48
1.68
17.8
17.98
6.28
13.36
14.1
3.93
14.03
32.24
3.48
10.19
4.08
6.46
16.59
0.09
0.0
7.26
14.29
27.22
0.0
8.12
12.9
24.19
18.92
14.78
3.15
17.19
1.81
0.0
0.06
0.1
13.44
22.94
24.43
0.05
5.22
9.97
17.46
8.76
9.9
0.11
0.14
7.3
1.76
0.25
0.0
0.0
0.06
5.85
2.66
2.05
0.56
0.84
1.59
0.12
2.32
1.57
0.09
2.09
0.69
9.66
13.36
1.86
19.8
44.62
16.83
1.68
0.37
0.01
0.87
19.22
11.91
12.19
13.45
9.16
3.03
25.03
15.85
8.9
1.71
0.17
0.05
0.25
0.77
0.01
0.01
0.0
0.0
0.0
1.89
0.36
0.16
0.0
0.0
0.0
0.0
0.08
0.0
0.15
7.06
9.79
4.02
3.9
7.9
9.59
0.59
5.13
8.93
7.57
1.87
3.18
8.56
1.57
0.49
0.04
0.07
0.01
37.57
63.73
2.14
6.06
0.41
0.88
5.1
2.51
27.71
9.08
0.64
0.31
0.15
0.0
0.3
6.9
3.07
5.1
0.1
0.1
0.3
0.06
0.42
0.3
0.25
1.49
0.21
0.31
0.56
0.24
1.31
7.18
15.74
14.72
2.18
7.39
6.26
1.09
9.8
7.96
0.8
2.06
6.1
3.82
0.39
0.0
0.0
0.0
0.09
2.94
22.16
14.89
39.39
12.08
0.0
0.0
0.03
0.0
0.0
0.0
0.0
0.0
0.0
0.0
0.0
0.0
0.0
0.0
0.0
0.0
0.0
0.0
0.0
0.0
0.0
0.0
0.0
0.0
0.0
0.0
0.0
0.08
0.2
0.06
0.03
0.15
0.05
4.76
13.11
12.82
0.01
0.0
0.0
0.14
0.0
0.0
0.0
0.98
29.89
17.76
17.06
0.11
0.19
0.0
0.03
2.86
17.56
0.0
0.0
0.0
0.8
22.21
31.94
0.52
0.21
43.08
0.44
2.91
4.45
13.93
12.38
11.57
0.52
0.01
1.76
0.11
0.0
0.0
0.0
0.0
5.11
0.17
0.01
0.0
1.11
14.65
2.04
17.23
3.96
0.41
3.79
10.16
1.24
0.0
0.0
0.01
1.92
21.22
0.08
11.14
0.0
0.0
0.0
0.06
1.72
5.26
1.7
0.53
0.13
0.05
0.0
0.2
1.07
1.64
0.07
0.0
0.0
2.72
0.16
0.0
0.0
0.0
1.62
1.7
0.65
2.21
0.04
0.0
0.0
0.98
0.0
0.0
0.0
0.0
0.03
0.04
16.9
6.34
10.44
10.76
3.34
0.02
1.86
6.0
0.66
0.1
0.23
1.93
0.1
0.17
3.79
4.45
0.9
4.28
0.01
0.0
0.03
1.65
17.45
2.91
0.82
12.63
0.35
0.0
0.0
0.0
0.0
0.0
0.0
0.0
0.0
0.0
0.0
7.38
0.04
0.0
0.0
5.32
0.34
8.06
9.34
0.03
3.18
12.02
8.01
10.41
18.69
0.14
27.9
1.81
11.14
0.92
11.34
6.26
7.95
9.65
13.16
0.07
0.0
0.39
12.41
0.23
0.42
0.0
0.0
0.0
0.02
4.16
10.7
18.76
3.2
2.79
0.04
0.1
0.72
34.36
1.11
0.0
1.26
3.97
4.9
28.36
0.03
0.09
1.66
2.13
1.27
0.53
3.39
12.26
13.98
15.84
0.93
0.72
0.04
6.12
15.01
27.37
0.73
18.07
18.73
35.13
23.42
10.28
0.77
1.49
2.06
2.22
7.94
1.32
5.27
6.59
13.35
8.27
29.51
8.0
23.69
1.35
3.21
16.21
4.98
1.34
26.14
38.47
38.53
5.74
3.66
15.76
1.01
0.35
0.79
2.71
1.56
9.06
7.91
0.87
3.11
8.98
0.37
0.22
1.01
0.27
0.18
0.08
0.05
0.0
0.0
0.0
0.07
4.46
0.26
0.02
0.41
0.23
0.0
60.63
33.23
8.95
13.26
0.22
0.21
12.51
4.3
5.43
0.12
0.0
0.0
0.15
0.46
0.01
0.0
0.18
0.2
0.57
1.34
12.89
0.3
0.02
0.0
0.0
0.0
0.12
1.99
1.54
0.04
0.05
3.5
10.66
2.71
0.6
0.83
0.03
0.02
0.42
32.84
36.49
0.61
5.58
1.24
3.67
1.19
0.0
4.06
36.09
0.31
0.0
0.09
0.0
0.0
0.0
0.05
3.22
1.13
0.28
0.0
0.0
0.19
6.86
3.13
0.14
0.0
0.0
0.04
0.07
0.0
0.75
8.91
1.36
0.01
0.08
0.13
0.0
0.01
0.04
0.55
0.0
0.0
0.0
0.0
0.0
21.51
13.58
6.61
1.15
0.46
0.06
0.0
0.0
0.0
0.0
0.0
0.0
1.41
0.67
0.03
0.0
0.0
0.0
0.0
0.0
0.0
0.0
0.0
0.0
0.02
0.01
0.09
8.78
4.15
0.01
5.58
1.1
0.0
0.0
0.0
4.01
26.6
21.85
1.01
0.81
0.02
0.0
0.0
0.0
0.0
0.0
0.0
0.0
2.58
7.26
0.0
0.0
2.23
0.0
0.0
0.0
0.0
0.0
0.0
0.0
0.0
0.0
0.0
1.04
0.0
0.0
0.0
0.69
0.03
5.57
33.51
45.32
13.53
0.0
0.0
0.0
0.0
0.0
0.0
0.0
0.0
0.0
0.0
0.0
0.0
0.0
0.0
0.0
0.0
0.0
0.0
0.0
0.0
5.88
1.22
0.09
0.03
0.83
0.29
5.32
0.0
0.0
0.0
0.0
0.0
0.0
0.0
0.0
0.0
0.0
0.0
0.0
0.15
0.0
0.0
0.0
0.0
0.0
0.0
0.0
0.01
0.02
0.88
1.06
4.34
17.8
14.27
0.09
0.0
5.14
2.69
0.0
2.71
11.52
5.93
20.19
0.01
0.0
0.0
0.0
0.29
5.06
13.14
0.3
0.23
1.18
17.88
2.97
3.95
0.3
1.29
8.65
17.31
6.36
0.01
0.0
26.65
21.21
0.61
0.0
0.0
6.79
0.21
0.65
7.96
6.61
0.0
0.0
0.0
0.0
0.1
4.79
6.15
21.36
5.72
21.46
19.33
0.48
3.83
0.31
0.34
0.0
3.2
6.92
12.01
0.22
0.0
0.0
2.4
0.98
0.17
0.0
0.01
0.7
0.34
2.58
1.06
26.22
1.01
8.64
15.25
11.2
2.67
1.49
0.08
1.23
0.92
0.0
0.0
0.39
30.59
0.25
0.0
0.61
8.43
5.07
0.03
18.54
2.18
5.5
16.39
4.44
11.53
22.77
14.39
14.99
0.73
24.69
18.89
1.89
0.99
14.54
12.52
0.3
0.04
1.43
9.42
7.75
8.96
15.87
0.2
0.0
16.9
18.18
1.43
0.03
0.0
0.0
0.03
0.0
0.0
0.0
3.18
17.88
24.72
42.01
8.06
6.3
3.62
37.33
95.51
3.63
2.57
0.53
12.5
8.21
15.22
10.39
1.06
7.49
6.79
15.93
0.13
7.34
11.27
1.53
1.46
4.11
5.29
0.17
9.81
6.41
0.7
0.25
0.15
0.1
2.4
0.17
0.03
0.01
58.83
65.49
1.89
0.87
2.27
3.77
0.5
0.07
0.19
3.67
5.31
3.01
1.62
3.71
12.79
1.46
1.52
3.54
6.36
12.08
11.95
28.64
6.02
8.37
13.99
22.43
11.84
42.13
10.32
1.62
1.72
0.79
0.34
4.25
4.75
0.77
2.43
0.24
1.15
1.5
0.21
6.98
5.83
0.04
1.64
0.52
0.73
0.32
0.51
3.98
5.78
0.08
3.19
2.59
0.12
0.29
0.0
0.38
20.48
9.29
14.78
0.44
0.05
7.14
1.91
0.58
0.2
0.31
0.4
12.39
2.14
0.59
0.43
0.0
0.0
0.0
0.0
0.0
0.01
0.02
0.0
0.0
0.0
0.0
0.0
0.0
0.0
0.0
0.0
0.11
1.34
0.05
0.0
0.0
0.0
0.0
0.01
0.0
0.0
0.26
1.89
15.08
0.22
0.0
0.0
0.06
0.05
11.77
0.39
0.38
0.23
1.4
4.61
0.16
0.0
0.74
0.01
0.01
0.0
0.13
0.0
0.03
0.01
0.0
2.84
1.47
0.02
0.0
1.98
5.71
8.4
0.0
0.0
15.72
0.0
0.0
0.0
0.0
0.0
0.03
0.0
0.06
0.0
0.0
0.0
0.0
0.0
0.0
0.0
0.0
0.0
0.0
0.0
0.0
0.0
0.04
4.85
5.33
0.34
0.0
0.0
0.0
0.0
0.0
0.0
0.0
0.16
11.01
0.03
0.0
0.0
0.0
0.0
11.22
16.94
0.0
0.0
0.0
0.0
0.0
0.0
0.2
0.0
0.0
0.0
0.0
0.03
1.06
3.52
0.09
0.14
0.02
0.0
0.0
0.74
0.51
1.54
0.0
0.0
0.0
0.0
0.0
0.0
0.0
0.0
0.0
0.55
3.75
1.04
1.87
0.55
0.0
5.25
13.32
3.22
13.51
1.73
12.19
6.34
0.13
9.44
0.02
3.23
14.22
10.58
25.82
6.64
3.69
8.74
0.97
5.73
3.33
0.0
0.0
11.75
9.99
2.38
0.87
0.41
1.06
2.27
0.51
1.25
4.06
0.62
2.54
5.66
0.29
0.0
0.63
1.65
0.36
0.01
0.06
0.01
0.05
0.01
14.74
10.93
1.79
9.53
2.71
2.72
0.02
0.0
0.0
0.08
0.0
0.89
14.17
51.72
24.58
0.5
0.43
0.37
1.96
0.35
0.16
42.17
0.59
0.0
0.03
7.26
13.03
0.5
29.63
10.58
9.36
4.93
33.06
2.54
7.55
17.04
0.0
0.26
1.85
8.65
24.51
7.13
30.69
33.84
44.93
1.81
8.87
32.75
0.52
3.26
16.38
11.69
10.01
7.94
21.09
23.83
3.98
0.13
27.68
15.74
16.27
1.62
0.12
1.1
7.1
22.79
13.64
34.41
10.07
0.39
0.22
0.02
0.22
12.06
45.3
10.28
2.48
3.62
6.3
3.65
0.56
0.1
0.02
0.12
0.16
0.47
6.82
22.4
21.79
13.05
21.93
3.86
3.17
7.56
0.68
0.68
0.95
0.23
0.01
0.13
0.2
0.86
7.29
0.96
2.78
27.35
65.64
35.49
3.07
1.71
0.25
0.26
0.13
1.12
4.89
0.43
0.01
0.17
0.37
0.1
0.02
0.32
0.0
2.41
69.14
34.05
3.33
11.33
16.45
27.23
11.41
15.73
15.71
2.18
9.57
0.57
1.27
0.16
0.31
0.99
0.99
0.06
0.89
3.4
17.56
9.19
4.99
1.79
46.38
16.45
15.38
10.59
9.74
48.81
0.05
0.3
0.74
0.31
0.02
2.09
0.02
0.22
0.11
0.53
0.03
0.0
13.72
23.99
13.23
4.31
3.1
1.28
15.11
0.58
0.0
2.68
34.38
16.72
6.19
0.07
0.12
2.37
4.5
2.92
10.13
12.87
1.87
1.24
0.0
0.0
0.0
0.0
0.0
0.0
0.0
0.0
0.04
0.16
0.01
0.11
0.0
0.14
0.0
0.1
1.09
7.56
13.95
44.27
10.06
5.68
1.05
2.62
0.14
0.14
0.7
0.94
40.53
0.92
13.23
8.58
11.2
18.23
0.24
0.99
2.99
1.27
1.68
1.24
0.12
7.28
1.18
1.9
1.05
0.22
0.0
0.0
2.26
1.89
2.77
0.67
1.36
0.0
0.4
29.99
0.0
0.0
3.82
36.77
0.3
0.11
2.97
9.18
2.4
0.01
0.0
0.0
0.0
0.0
0.13
2.29
24.04
25.46
6.04
0.19
8.21
0.05
0.0
0.31
0.0
0.0
0.0
0.0
0.02
0.46
13.86
0.64
1.98
0.4
5.28
13.38
4.01
0.83
0.04
2.84
0.17
14.88
0.43
0.0
0.41
22.93
12.99
19.01
0.23
0.0
0.0
10.19
6.08
41.32
5.54
0.58
19.51
6.03
0.24
0.07
1.49
0.0
0.0
0.0
0.0
0.0
1.94
1.02
0.02
14.23
4.51
0.0
0.0
0.0
0.03
0.78
0.0
9.95
7.7
4.78
0.02
1.78
4.66
0.0
0.0
0.0
0.0
0.0
0.0
0.01
4.35
0.46
0.65
8.68
13.2
8.44
0.0
7.38
13.96
0.0
0.03
1.28
23.47
6.01
8.71
27.7
4.08
10.98
16.43
0.28
0.0
0.16
0.0
0.0
0.0
9.68
0.11
0.0
0.1
3.94
20.31
0.44
1.55
20.27
25.32
41.29
21.42
3.6
12.78
5.7
4.63
5.93
7.08
67.39
0.01
0.0
4.61
11.79
20.43
28.13
15.44
3.62
36.52
0.9
0.03
0.07
7.89
1.64
9.31
0.03
0.47
6.49
3.28
23.61
32.96
24.09
7.23
0.03
0.0
0.04
0.5
13.16
0.06
0.0
3.47
15.56
23.51
67.97
6.11
2.38
3.28
5.87
0.23
1.93
2.36
46.8
7.44
0.44
12.36
20.41
18.26
3.91
4.95
1.45
0.13
5.81
0.98
4.75
5.56
20.94
13.67
8.67
18.19
40.78
38.91
21.45
0.05
0.06
0.07
0.01
0.02
0.01
0.01
8.37
0.77
0.36
31.67
1.5
0.02
0.15
0.16
0.04
0.44
0.13
0.12
1.86
16.31
5.77
9.3
10.75
0.28
0.61
0.47
14.24
14.36
10.86
0.25
0.13
0.0
0.01
0.01
0.04
0.83
5.46
3.41
0.27
1.68
3.61
0.22
0.86
0.76
2.84
6.17
0.86
2.49
1.85
2.29
4.93
0.46
5.06
5.34
6.33
2.85
0.23
0.08
0.7
0.59
6.14
8.67
1.53
0.08
0.2
0.22
0.68
3.59
3.71
0.0
0.0
0.0
1.39
22.49
10.01
0.0
0.16
0.27
8.28
2.86
1.86
5.62
15.38
42.15
0.16
0.16
13.42
46.88
5.02
5.59
0.1
0.0
0.01
0.13
0.14
0.08
0.01
0.0
0.0
23.37
39.58
9.82
7.85
5.06
4.01
7.15
0.42
2.29
0.29
3.77
2.81
0.14
7.64
1.87
2.55
0.0
0.0
0.19
0.32
1.52
6.98
1.86
0.32
6.0
10.59
5.32
0.66
1.08
0.19
0.16
3.92
1.85
0.01
0.92
2.58
0.0
0.0
0.0
0.0
0.02
3.48
6.05
11.32
0.01
4.04
4.49
0.5
0.87
1.91
0.0
0.0
0.0
12.37
68.91
1.33
2.08
2.96
1.09
28.87
17.2
0.0
0.0
0.02
0.04
0.0
0.0
0.0
0.0
0.0
0.0
0.0
0.0
0.0
0.01
0.45
1.51
3.62
0.05
0.0
0.0
0.0
0.05
1.21
0.04
3.58
0.23
0.0
0.35
2.63
1.3
0.0
0.0
0.0
0.0
0.0
0.0
0.0
0.0
0.0
0.01
7.35
8.46
0.12
0.0
0.09
6.14
17.75
2.74
1.39
1.1
0.76
12.1
11.49
3.53
0.0
0.0
0.0
0.0
0.06
0.05
0.0
0.0
0.01
3.4
8.01
1.36
0.01
0.01
0.09
1.05
0.09
0.0
0.33
4.96
0.0
0.0
0.0
0.0
0.0
0.0
0.0
0.0
0.0
0.0
1.09
0.37
0.0
3.22
4.82
7.36
0.85
0.0
0.0
0.0
0.0
0.0
0.0
4.0
15.98
0.21
0.38
0.16
16.86
21.45
1.09
6.22
17.76
0.07
3.95
3.05
6.81
18.69
4.31
4.65
0.79
18.43
0.04
12.57
4.15
0.0
0.42
12.07
4.08
22.24
11.38
0.0
0.0
0.0
0.0
0.01
6.36
5.52
4.99
9.93
15.53
18.01
0.2
0.0
0.0
2.36
8.92
16.11
0.37
15.79
7.81
14.86
0.0
0.0
0.0
4.91
26.1
2.48
0.0
0.0
0.0
4.2
2.06
2.69
11.72
0.65
4.14
0.76
34.25
0.01
0.0
5.21
21.71
0.1
0.0
14.71
0.27
0.15
0.0
0.1
0.05
2.36
0.02
4.3
6.14
0.05
0.0
0.0
0.0
0.0
1.17
4.51
111.4
16.66
32.63
8.07
0.26
3.46
4.68
23.16
1.6
0.03
8.93
14.59
10.84
31.54
63.2
51.28
0.92
13.51
50.58
27.1
13.97
1.97
0.14
0.18
10.86
33.52
19.24
3.43
8.33
0.73
2.37
0.44
2.35
2.08
3.32
2.89
3.04
6.31
0.15
0.06
2.23
0.48
1.7
0.43
0.01
1.03
2.15
2.95
0.01
0.0
0.94
0.07
0.02
0.0
0.19
0.0
0.06
0.0
0.49
35.97
36.83
40.02
2.43
1.49
0.64
1.09
0.13
0.13
0.01
0.47
4.74
4.52
0.06
0.0
0.0
0.16
0.29
1.26
1.11
0.43
2.3
0.28
1.81
4.2
0.94
6.55
0.14
0.49
0.07
0.03
0.0
2.68
0.54
0.05
0.73
0.08
0.0
0.07
8.22
10.83
12.13
0.93
0.67
8.66
0.06
0.0
0.0
0.0
0.0
0.0
0.0
0.02
1.91
2.42
1.67
0.92
0.18
0.04
0.03
4.68
4.47
0.37
0.0
0.05
22.81
1.06
0.23
0.01
0.0
0.0
0.18
0.14
0.0
0.0
10.2
11.73
11.38
0.4
0.0
0.0
0.01
0.04
0.0
0.0
0.0
0.0
0.0
0.0
0.0
0.0
0.0
0.0
0.0
0.0
0.0
0.0
0.0
0.0
0.85
2.91
1.48
0.0
0.01
1.07
0.18
0.48
2.67
1.85
0.1
11.22
12.9
4.05
2.31
4.12
0.07
0.14
3.93
6.25
0.84
0.0
0.17
2.18
6.05
0.04
0.0
0.41
0.0
0.0
0.0
0.0
0.0
0.0
0.0
0.0
0.0
1.42
3.72
10.21
0.79
0.0
0.0
0.0
0.0
0.0
0.0
0.0
0.0
0.0
0.0
0.22
1.0
0.08
0.5
0.0
0.02
0.0
0.01
4.2
5.14
21.55
21.94
8.49
0.0
0.0
0.0
0.0
0.0
0.0
0.0
0.0
0.0
0.0
0.02
0.02
2.24
0.06
0.09
0.41
1.1
0.7
9.36
10.68
0.16
7.31
7.82
0.0
0.02
0.0
0.0
0.0
0.0
0.0
0.0
0.46
0.26
0.0
0.0
0.0
0.17
0.44
0.4
0.0
0.02
2.32
10.15
7.53
1.71
5.36
4.66
0.64
0.01
3.72
1.47
1.17
0.25
0.07
3.95
3.2
1.26
8.78
0.02
0.0
0.0
0.0
0.0
0.09
9.58
2.96
5.11
2.12
8.95
45.94
4.37
0.0
0.0
0.0
2.04
6.48
0.29
0.17
0.0
0.58
0.14
0.0
0.01
0.67
2.18
4.28
6.28
2.51
0.0
0.0
0.0
0.0
0.13
17.5
10.16
13.8
0.22
1.74
0.0
0.0
0.0
1.53
0.85
0.74
10.35
0.16
0.06
0.51
1.04
8.91
8.2
6.79
9.84
7.73
1.69
0.08
0.0
0.92
72.76
1.06
0.9
2.19
0.0
0.3
0.6
0.84
0.08
0.0
0.01
0.03
1.09
1.44
12.41
8.23
6.39
0.22
0.01
0.04
16.93
6.62
21.11
15.24
31.87
3.43
5.03
7.68
6.87
38.26
33.71
5.68
0.58
1.93
6.75
0.05
0.65
9.85
2.82
0.0
0.0
0.28
6.6
6.96
27.38
19.61
13.38
6.18
1.09
0.25
0.01
0.08
0.02
0.11
1.78
2.38
5.78
4.03
0.29
0.58
7.93
7.83
0.46
0.16
0.03
53.38
0.01
3.74
0.3
0.27
0.05
0.1
0.09
0.24
0.04
0.15
1.1
1.06
4.14
0.5
1.77
3.38
0.77
0.34
0.32
3.48
0.68
7.54
11.56
7.14
5.43
1.77
0.9
1.17
0.0
0.0
0.05
0.03
0.33
4.37
5.38
0.43
0.54
3.76
0.64
0.35
4.44
0.88
1.29
8.61
14.48
4.33
4.64
1.0
7.57
9.67
5.91
3.68
0.47
0.16
3.92
0.72
2.98
18.86
19.05
0.08
0.3
1.83
3.54
1.25
0.25
0.01
4.81
7.52
0.48
0.91
0.85
6.08
7.86
20.45
0.14
0.0
0.0
0.0
0.0
0.0
0.0
0.0
0.0
0.0
0.0
0.0
0.0
0.0
0.0
2.3
18.97
0.0
0.0
4.95
7.64
12.4
10.47
0.7
0.7
0.32
1.51
4.67
1.06
0.17
0.81
2.29
1.16
0.0
0.0
0.0
0.0
0.33
5.19
12.95
0.25
0.16
0.78
0.15
1.56
0.16
0.11
1.29
4.9
7.39
1.72
0.58
38.94
27.33
1.15
17.6
3.38
15.9
5.47
0.0
0.0
0.21
0.22
0.0
0.0
0.0
0.0
0.0
0.95
0.67
0.0
1.12
0.68
5.92
4.25
12.33
4.6
0.54
2.34
4.44
1.09
0.32
0.55
0.0
0.0
0.0
1.8
2.09
0.05
0.93
2.07
2.75
1.29
0.2
1.61
0.0
0.01
2.54
0.13
1.32
2.19
0.87
9.83
12.13
1.43
3.82
0.59
2.78
6.28
2.9
0.28
0.82
0.82
1.0
2.56
0.0
0.0
0.16
7.94
0.08
0.0
0.0
0.0
0.0
0.0
0.0
0.0
0.0
0.03
0.13
0.0
0.17
3.94
2.26
7.81
0.22
8.77
4.28
3.75
2.93
1.28
0.63
4.22
1.55
6.36
9.36
3.57
10.16
5.12
24.78
33.45
0.02
26.48
1.46
0.06
7.21
20.92
19.87
2.31
19.14
0.8
1.41
29.76
3.57
8.02
16.07
6.15
0.15
0.0
0.0
0.01
3.85
0.0
0.32
5.22
0.23
0.03
0.25
23.45
16.77
5.38
11.36
0.02
1.24
0.01
5.87
3.44
0.02
10.81
0.05
5.72
10.09
5.43
0.44
6.2
1.85
0.19
4.33
10.48
14.76
4.16
7.22
3.16
9.62
0.04
0.0
0.61
4.1
3.05
2.32
12.1
6.69
15.39
17.2
0.02
15.73
3.26
12.57
11.8
0.23
0.62
0.0
0.0
7.17
0.88
0.02
0.21
0.0
0.04
0.22
0.31
1.06
1.66
14.4
7.7
10.0
1.96
24.02
8.42
0.79
3.58
0.28
0.0
2.4
7.07
23.97
16.4
0.19
4.06
24.25
44.43
31.71
0.79
0.04
2.66
2.99
24.04
29.79
110.39
22.49
0.41
30.88
33.0
1.09
0.0
0.0
0.0
0.25
0.55
0.25
13.43
65.65
85.38
26.6
3.73
2.38
0.74
1.3
0.34
3.42
11.02
6.41
20.98
15.7
44.15
24.26
9.67
9.08
58.87
13.82
11.02
0.28
7.39
15.25
3.19
4.65
0.0
0.02
0.39
13.63
8.98
16.15
0.13
0.19
0.21
0.58
3.82
1.53
0.02
1.09
0.31
3.68
0.51
0.18
0.09
0.31
0.27
0.0
0.12
4.0
5.45
2.49
0.0
0.0
0.65
2.3
1.74
1.1
3.34
0.06
0.05
0.04
0.02
0.04
0.25
6.31
0.18
0.01
0.0
2.07
9.2
14.18
3.22
11.82
1.48
2.24
2.84
0.5
0.08
0.06
0.27
0.18
0.01
0.04
0.17
0.01
0.05
0.0
0.0
0.0
0.0
0.0
0.0
0.0
0.0
0.0
0.0
0.0
0.0
0.01
0.0
4.78
0.0
0.0
0.0
0.02
0.11
0.0
0.0
0.26
0.26
0.0
0.05
0.32
6.95
0.81
0.01
0.0
0.0
0.0
0.0
0.0
0.0
0.01
0.0
0.0
2.56
0.23
9.63
2.16
0.0
0.0
0.0
0.0
0.0
0.39
0.0
0.0
3.1
0.03
0.0
0.0
0.0
0.0
0.0
0.0
0.0
0.0
0.0
0.0
0.0
0.0
0.0
0.0
0.0
0.03
0.09
1.99
0.0
3.62
0.0
0.0
0.82
0.01
0.0
0.0
0.0
0.9
0.07
0.0
0.0
0.0
0.0
0.0
0.0
0.0
0.0
0.0
0.0
0.0
1.68
5.12
0.84
8.15
0.23
4.22
1.1
0.16
0.12
0.0
0.0
0.0
5.97
0.8
0.0
0.0
0.05
0.01
0.0
0.0
0.25
0.0
0.0
0.06
3.44
0.0
0.0
3.98
1.3
1.64
0.0
0.2
0.0
0.1
0.05
0.74
0.9
6.32
14.15
10.95
0.01
0.0
0.0
0.0
0.0
0.0
0.94
6.61
1.29
0.95
19.05
0.05
0.03
0.0
0.0
15.16
4.95
5.99
11.83
32.79
4.0
0.0
0.0
0.0
0.0
0.0
0.0
0.0
0.0
0.02
0.13
0.01
0.0
9.09
2.01
0.83
16.62
7.9
0.01
12.61
6.63
3.78
28.17
0.04
13.98
25.58
2.69
0.02
0.0
0.0
2.11
4.26
2.93
0.52
1.41
4.23
10.94
8.59
0.0
12.02
53.11
6.13
17.82
18.51
14.18
2.98
16.1
15.22
0.1
0.31
0.0
0.0
0.0
0.0
3.14
10.99
0.0
0.0
0.77
0.02
0.0
0.0
5.07
8.27
5.74
28.39
7.6
0.55
0.0
1.0
0.0
0.0
0.0
0.0
0.0
2.06
18.91
6.82
0.44
15.06
20.23
0.37
1.64
10.11
3.76
7.14
0.05
0.0
0.64
3.39
9.99
14.22
7.73
0.19
8.49
14.55
1.09
0.21
0.9
12.59
11.8
0.13
0.91
4.47
13.32
6.84
16.41
15.4
5.09
9.25
37.17
19.13
27.47
19.22
9.22
16.38
16.67
0.18
0.08
1.09
0.32
0.03
0.0
0.22
3.22
3.02
0.1
0.18
0.05
0.94
6.84
15.18
0.03
0.0
0.15
0.53
9.7
6.89
3.49
0.71
0.07
0.09
0.01
10.04
17.32
6.47
0.0
0.0
0.04
0.03
0.1
0.38
0.08
0.0
0.14
0.38
0.04
0.02
0.01
0.62
6.69
15.67
2.09
4.82
7.08
2.74
0.9
0.83
0.05
0.22
8.47
1.89
0.03
1.2
1.61
0.56
10.68
4.16
3.22
0.01
0.59
2.38
0.58
1.46
0.42
0.13
0.31
2.04
0.22
0.2
0.16
2.63
23.1
55.17
5.14
0.53
2.5
0.52
0.13
0.65
0.01
29.85
0.13
0.0
2.95
4.01
1.75
9.91
13.99
5.6
5.91
0.1
0.17
0.18
0.5
7.09
10.77
6.7
0.09
11.72
9.13
3.66
0.31
11.01
8.92
1.14
12.02
0.29
0.0
0.0
0.0
5.41
0.8
0.0
0.0
0.0
0.0
0.0
0.0
0.03
0.03
0.0
0.01
1.58
3.13
1.53
0.0
0.0
1.59
0.32
0.0
0.15
0.52
0.0
0.0
0.17
1.12
0.01
0.0
0.0
0.0
0.0
0.0
0.0
0.03
0.23
0.0
0.0
0.0
0.0
0.0
0.0
0.0
0.0
0.04
0.31
0.0
1.22
4.08
0.6
1.47
0.83
0.01
0.0
0.01
0.01
0.1
0.01
0.08
0.11
0.01
0.0
0.0
0.0
0.0
0.04
0.05
0.0
0.19
0.1
0.02
9.16
6.13
1.82
3.24
5.47
1.97
0.23
0.0
0.0
1.24
1.77
0.05
0.02
0.45
0.34
0.0
1.7
0.0
0.0
0.0
0.0
0.0
0.0
0.05
4.68
1.01
0.0
0.0
0.0
0.0
0.0
0.0
0.0
0.0
0.14
0.0
0.0
0.0
0.0
0.0
0.39
0.08
0.0
0.83
1.03
1.36
0.05
0.0
0.0
0.0
0.12
0.04
0.0
0.06
0.85
0.02
0.0
0.19
11.13
39.43
1.85
0.54
1.09
0.49
0.0
7.55
0.0
0.0
0.0
0.0
0.0
4.82
0.18
0.02
6.36
20.34
0.2
4.74
5.47
0.02
3.01
6.49
15.94
14.3
0.46
1.38
3.31
4.71
0.43
1.15
2.7
0.28
0.0
0.8
1.75
1.11
9.87
5.11
4.71
0.0
1.08
0.01
0.0
1.04
2.25
1.91
7.23
3.2
4.35
4.22
1.58
2.69
0.04
1.25
0.01
5.14
1.35
0.95
1.64
1.16
3.21
8.23
19.12
3.07
2.41
0.16
0.22
0.02
0.0
0.0
1.03
0.09
29.71
1.96
0.35
7.05
6.21
0.03
0.0
0.0
0.0
3.75
21.98
1.71
7.66
23.56
12.98
4.75
7.41
15.9
7.82
1.84
2.15
0.0
6.5
48.62
67.7
44.17
24.67
23.23
4.9
5.02
5.29
3.69
2.97
28.52
16.33
25.44
3.8
18.44
15.37
3.27
33.06
17.8
0.22
0.01
0.56
0.67
3.95
5.95
9.45
29.8
5.99
8.46
0.56
0.6
2.38
1.18
3.07
18.47
35.47
8.04
1.16
1.12
0.07
5.0
14.19
35.26
22.44
22.18
14.6
0.06
0.17
0.53
0.73
0.14
0.07
0.0
0.06
0.07
0.0
0.0
0.08
0.09
0.3
0.81
1.08
0.56
0.09
0.34
0.0
0.28
0.76
1.22
0.05
0.27
0.59
6.43
15.92
9.47
33.78
13.57
10.25
9.61
36.53
55.26
36.01
0.47
2.55
14.86
0.85
5.24
14.98
8.01
7.21
13.71
21.8
14.13
5.15
16.55
3.01
15.88
5.67
2.05
0.34
2.95
4.13
1.92
0.38
0.03
0.0
0.05
0.08
0.41
4.71
0.54
0.03
1.87
29.16
9.18
0.11
0.0
0.85
0.37
0.12
0.42
0.22
0.0
0.43
0.23
0.18
4.86
0.12
0.14
2.31
1.43
0.0
0.0
0.0
0.0
0.12
1.87
0.3
0.0
0.0
0.03
0.0
0.02
0.51
0.5
0.18
0.02
0.52
3.77
3.41
4.13
0.29
0.34
1.82
0.87
3.02
18.22
5.53
0.72
1.48
0.07
0.0
0.55
1.8
1.4
0.68
0.05
4.88
6.76
2.43
2.52
11.85
21.13
5.38
23.79
0.0
0.0
0.0
0.0
2.6
0.24
0.0
0.03
4.13
9.25
0.14
0.16
0.4
17.49
3.21
0.0
0.0
0.0
0.0
0.01
0.05
0.41
0.09
0.0
0.0
0.0
0.0
0.0
0.0
0.0
0.0
0.0
0.0
0.0
0.16
0.01
0.21
2.04
5.3
0.0
0.0
0.0
14.38
16.2
0.0
0.01
0.37
0.24
0.2
0.98
3.92
0.15
0.0
0.0
0.02
0.0
0.0
0.02
0.2
0.05
0.11
1.25
0.22
5.55
0.0
0.01
0.0
0.1
2.61
17.08
8.67
0.57
0.03
1.5
1.25
15.3
1.22
4.01
0.28
0.04
0.58
2.31
9.19
0.01
5.42
15.0
32.01
7.69
0.05
0.01
6.02
9.85
5.53
2.23
8.82
6.22
4.35
13.07
0.01
0.04
9.76
9.97
10.34
4.13
8.51
3.19
8.11
0.45
0.0
0.0
0.0
0.0
0.0
4.51
0.88
4.14
2.56
4.24
6.43
1.12
0.0
0.0
0.0
0.0
0.0
0.12
7.32
0.46
1.85
7.55
0.01
0.07
0.85
7.57
34.47
0.09
19.2
23.93
7.97
9.47
0.15
2.11
15.25
31.96
5.85
0.0
0.0
0.0
0.0
0.0
0.0
0.0
0.0
0.0
0.0
0.43
7.0
0.14
2.08
3.85
0.38
1.09
0.01
2.03
0.01
11.73
13.4
0.72
6.6
43.68
8.91
1.96
4.61
20.87
8.08
0.01
0.0
0.0
0.0
0.71
2.81
8.24
5.21
45.69
14.74
25.16
14.7
13.33
21.41
0.32
0.0
0.0
1.6
0.92
2.23
25.04
9.94
10.07
16.43
44.23
27.05
11.18
2.96
12.97
34.82
25.15
8.01
26.41
21.43
9.48
2.9
6.59
34.37
38.41
27.73
17.3
30.97
87.4
0.52
1.72
21.9
68.4
9.9
14.55
11.34
7.59
0.09
0.03
0.1
2.13
0.4
0.31
0.07
1.92
10.69
5.15
2.29
4.82
2.93
9.34
5.1
0.96
0.36
0.07
0.05
0.02
0.2
0.0
0.03
0.0
0.0
1.72
17.55
1.48
0.11
0.37
0.0
0.0
0.0
0.0
0.01
0.01
1.85
4.6
0.48
0.04
0.0
8.68
5.14
0.2
0.01
10.69
18.4
0.6
1.33
0.16
0.08
0.13
0.47
0.18
0.16
0.21
1.31
0.16
0.16
0.0
0.03
0.0
0.97
0.05
0.01
0.19
0.71
7.56
5.17
0.75
10.86
0.8
0.02
0.14
0.34
0.01
0.1
0.0
0.0
0.0
0.0
0.0
0.0
0.0
0.02
0.34
0.0
0.06
0.0
0.0
0.0
0.0
0.0
0.12
0.0
0.0
0.0
0.0
0.0
0.05
0.0
0.0
0.0
0.01
2.02
3.31
0.24
0.12
0.07
0.29
0.0
0.0
0.0
0.0
0.0
0.0
1.64
0.28
0.0
0.0
0.0
0.0
0.0
0.0
0.0
0.0
0.0
0.0
0.02
0.0
0.0
1.23
15.56
21.81
5.63
4.48
8.92
2.33
0.01
0.09
0.0
0.21
0.2
0.0
0.74
7.83
8.91
17.56
2.72
3.84
7.97
1.34
4.35
11.92
4.68
13.33
6.7
6.79
29.76
6.45
37.06
12.67
20.56
13.6
12.75
6.34
0.68
0.6
0.68
0.32
0.04
0.19
0.3
0.0
2.14
2.75
3.84
6.12
0.01
0.0
0.0
0.09
0.0
0.0
0.0
0.0
0.0
0.0
0.0
0.02
2.01
0.04
0.0
0.01
0.43
0.05
0.17
0.0
0.0
0.0
6.67
6.27
1.77
0.63
20.91
7.93
5.81
2.31
0.03
0.0
0.0
0.0
0.02
4.98
1.11
6.89
0.0
0.0
0.0
0.0
0.0
0.0
0.0
0.25
0.61
0.01
4.94
13.08
9.46
3.9
7.15
15.96
3.74
8.48
0.85
0.44
6.93
0.01
0.0
0.0
0.0
0.0
0.1
0.0
0.0
0.0
0.0
0.0
0.0
0.0
0.0
0.0
0.01
0.0
0.62
0.0
0.0
0.0
0.0
1.83
0.06
0.0
8.09
3.03
0.0
1.39
0.09
0.0
6.47
2.94
5.86
0.04
3.62
14.08
41.56
32.63
14.81
0.37
4.62
4.05
11.71
0.1
1.69
0.64
0.14
1.68
18.45
5.54
6.48
0.01
0.0
0.0
0.39
10.78
4.75
0.03
14.64
0.44
0.0
0.0
17.57
9.87
4.54
0.67
0.8
8.03
1.32
2.52
0.04
1.07
10.3
10.24
0.05
0.0
0.0
0.9
2.6
23.88
65.61
0.1
0.27
0.89
0.15
1.31
0.49
0.0
0.0
0.0
11.15
18.45
1.16
0.99
21.87
14.31
6.47
4.47
0.67
2.8
0.29
0.48
0.0
0.3
0.04
0.17
0.72
1.34
9.22
0.56
1.3
7.28
9.98
35.81
16.16
0.08
0.0
0.11
2.65
4.18
8.12
11.9
3.56
10.39
1.79
16.42
25.81
19.36
14.49
8.17
1.65
3.59
5.26
0.06
0.12
0.66
2.89
2.28
0.41
0.24
0.64
0.05
0.0
0.0
0.0
0.01
0.41
0.18
0.0
0.01
0.04
4.92
1.96
6.03
11.8
12.82
19.84
18.03
12.74
10.01
0.36
0.98
6.67
65.77
14.49
10.75
26.55
0.43
0.16
0.0
3.18
0.67
5.15
2.59
6.39
22.89
6.37
7.26
5.74
11.82
2.02
6.93
10.15
6.6
2.29
7.06
1.8
12.94
19.19
11.25
12.06
6.18
9.67
3.41
4.41
5.4
3.73
0.38



























































































