5.43296
53.5647
45.6274
35.6827
46.0475
173.321
138.053
151.28
110.48
93.1523
188.154
372.784
267.522
183.974
141.846
122.255
105.348
96.8056
94.1825
96.065
304.494
1929.23
1826.88
1576.72
1376.84
1108.07
971.376
1359.21
1291.25
1117.27
944.377
938.516
900.394
1105.01
1364.07
1448.4
1475.76
1441.43
1236.96
1119.16
986.483
901.971
1188.79
1188.01
1908.3
2973.11
2524.86
1981.93
1518.91
1204.34
979.698
848.062
747.181
699.927
638.761
614.762
907.6
1849.14
1682.9
1375.28
1407.03
1406.22
1306.16
1452.57
3212.08
4563.94
3698.5
3527.93
2711.67
2080.99
1665.67
1505.73
2143.13
2092.5
2211.26
1855.12
1514.59
1272.97
1106.32
962.258
873.344
806.732
862.966
1478.08
1410.43
1226.71
1049.75
936.75
876.383
863.513
848.394
1174.48
1371.04
1417.36
1489.15
1907.27
2913.8
2546.73
2473.83
2108.94
2298.93
2622.94
3423.65
4030.31
3663.92
2980.97
2341.58
1909.11
1642.03
1622.59
2242.06
2341.01
3414.92
2785.76
2176.19
1785.49
1559.45
1372.99
1227.38
1115.73
1034.1
975.329
925.852
892.272
938.479
1414.45
4443.01
3530.56
2665.95
2542.43
2370.18
2171.82
1982.32
2739.63
4449.69
3418.42
2503.85
2010.14
2245.45
4051.15
3562.68
3333.23
4773.75
3710.63
2782.45
2222.41
1889.27
1734.92
1645.68
1784.25
1667.33
1526.96
1614.89
1515.64
1362.96
1224.68
1132.13
1076.05
1047.84
1236.91
2052.52
1901.44
1621.75
1506.58
2536.54
6534.13
6005.64
5366.94
5240.06
4700.34
3609.73
3025.24
3408.73
5772.21
6706.67
6082.75
5916.35
4733.12
3957.05
3201.53
2648.05
2246.95
1958.56
1743.51
1585.78
1465.11
1408.35
1595.49
1721.42
1623.88
1432.02
1294.27
1194.15
1132.67
1118.31
1124.73
1089.66
1052.58
1045.67
1153.39
1160.39
1139.11
1107.27
1077.55
1169.4
1195.63
1369.42
1794.78
1916.56
1789.7
1678.76
1557.38
1403.36
1285.36
1226.46
1191.48
1165.88
1330.42
1688.91
1736.35
1566.53
1381.77
1267.52
1177.98
1090.86
1014.27
945.219
897.085
856.352
863.896
1220.81
1621.51
1553.62
1356.29
1210.18
1106.12
1031.84
1007.12
1095.44
1140.38
1234.39
1280.82
1228.88
1125.64
1212.91
1568.84
1570.29
1414.18
1251.27
1121.21
1063.36
1005.96
1289.11
3153.57
2911.03
2299.06
1861.06
1589.22
1410.21
1262.05
1143.63
1042.87
967.188
908.673
883.433
1263.04
2387.72
2030.04
1706.33
1689.14
1726.38
1844.44
1739.27
1522.78
1317.61
1179
1046.98
962.152
890.497
838.5
888.175
868.814
885.363
1486.43
1542.04
1617.84
1575.67
1561.71
1375.9
1179.68
1043.99
957.386
937.348
888.485
952.952
949.933
1035.58
1212.78
1399.98
1295.34
1138.66
1003.72
897.535
812.746
744.462
687.96
642.445
601.723
568.425
535.313
505.272
490.61
482.596
472.907
461.445
451.73
440.789
417.54
411.805
472.268
464.007
481.114
497.213
474.261
470.263
516.521
519.151
481.075
448.647
430.862
410.344
398.187
423.005
411.234
391.489
384.04
372.25
360.888
348.904
337.372
332.034
325.343
316.53
312.349
352.341
477.472
954.014
1598.75
2119.28
3123
2432.7
1809.9
1405.43
1131.55
936.799
793.856
688.066
622.571
723.243
827.703
775.799
687.631
607.665
541.43
497.556
463.619
432.444
431.152
414.67
412.474
487.945
505.532
476.28
436.08
405.499
389.266
390.67
376.364
357.474
424.379
423.137
402.399
380.299
384.815
396.55
490.956
495.875
467.934
446.654
426.399
490.571
547.992
528.476
472.742
424.64
386.089
361.707
334.982
318.502
309.661
307.817
309.308
312.716
318.208
321.413
363.696
649.844
676.468
722.753
895.982
881.771
1038.84
1457.65
1416.41
1209.31
1037.25
868.74
735.769
640.242
562.802
557.24
533.382
507.736
488.869
497.075
498.086
462.477
440.576
434.53
584.923
960.598
955.803
854.5
753.109
655.539
593.492
530.155
503.734
586.181
682.741
682.673
758.09
1523.7
1993.73
1842.4
1679.12
1457.19
1210.23
1005.49
865.943
769.68
692.961
653.293
635.169
613.459
597.648
578.715
576.434
681.516
657.859
622.531
597.063
581.936
533.568
494.233
522.219
662.64
733.109
706.97
671.728
707.144
1258.73
1231.12
1104.6
993.944
907.722
873.375
823.997
780.553
743.011
710.709
682.422
658.308
659.605
878.887
1656.47
2261.63
2592.06
3034.85
2693.94
2924.66
2842.78
2400.69
2024.52
1774.04
1588.85
1600.74
2408.97
2674.08
2450.42
2146.18
1808.54
1548.29
1369.31
1230.8
1124.76
1237.84
2890.91
2531.44
1901.82
1472.19
1216.41
1055.56
993.225
960.083
930.517
905.312
916.18
1141.01
1425.03
1377.44
1228.18
1324.63
2245
2405.55
2073.57
1859.2
2077.99
2656.43
2791.01
2378.86
2031.08
1779.96
1561.68
1405.53
1272.02
1274.84
1463.55
1531.73
1454.89
1352.66
1414.83
1389.9
1374.62
1925.68
1836.85
1603.76
1427.27
1301.06
1207.6
1126.44
1062.38
1008.05
958.819
909.329
878.35
891.211
957.266
1256.85
1447.68
1544.98
1679.85
1967.05
2485.32
3516.93
3122.36
2658.2
2462.72
2163.26
1893.67
1671.22
1519.5
1418.75
1337.94
1242.32
1164.85
1102.71
1059.89
1023.63
967.72
912.889
866.274
845.456
812.588
838.985
899.987
948.608
927.165
918.059
922.299
913.846
876.523
826.899
775.684
726.447
678.518
686.147
661.126
631.094
672.685
1215.2
2069.01
2283.48
1953.79
1671.57
1632.68
1737.77
1777.31
1819.3
1649.44
1450.36
1289.2
1168.86
1100.08
1045.33
1016.07
1334.77
1993.23
1829.22
1575.18
1390.48
1239.66
1115.69
1012.27
932.369
866.933
828.434
788.018
734.898
680.318
628.72
582.764
593.369
575.124
549.063
534.039
651.643
1799.26
1906.82
1597.05
1485.75
1368.09
1201.18
1100.37
1015.23
921.673
832.679
764.8
714.428
708.357
844.644
1294.78
1370.02
1214.06
1062.88
942.916
850.949
774.882
700.906
642.724
594.91
576.867
718.474
811.585
758.213
686.342
626.348
570.512
530.564
504.863
508.31
511.753
508.167
706.418
743.001
698.593
769.399
2025.73
3470.56
2599.04
1872.08
1444.86
1170.08
987.145
853.043
751.237
926.567
2461.78
2192.45
1676.72
1315.47
1076.98
920.455
803.342
708.898
626.153
565.015
526.373
516.705
565.121
594.045
560.855
517.47
475.169
436.498
461.323
636.453
824.255
794.264
712.446
630.039
557.858
498.221
454.074
418.979
394.243
374.779
356.002
337.887
319.878
306.946
296.741
288.785
285.714
282.549
276.859
267.526
285.129
505.218
542.094
497.914
448.615
413.631
523.825
738.201
846.141
828.618
716.994
607.455
521.014
450.449
400.891
411.796
636.267
2153.46
2849.46
2141.5
1579.84
1325.92
1300.26
1370.38
1530.73
1492.15
1326.54
1243.03
1088.28
1036.35
1090.14
1079.73
987.895
856.942
730.219
642.254
599.608
541.154
556.715
743.471
1837.18
1663.34
1337.44
1172.92
1004.07
841.817
716.785
664.497
785.882
898.272
906.647
795.846
696.664
620.582
552.377
525.208
893.473
2672.91
2871.01
2354.37
1844.83
2107.27
1825.7
1786.92
1666.74
1580.35
1407.88
1611.27
2621.49
4415.95
3724.34
3036.32
2377.95
1850.17
1488.42
1233.06
1042.87
906.167
780.88
707.141
754.827
906.103
1127.01
1110.68
994.541
949.06
973.478
938.835
876.3
820.919
774.363
741.814
734.052
927.318
954.543
904.474
845.051
822.542
1044.85
1022.78
924.489
936.796
1360.57
1887.65
1914.45
2037.77
2204
2013.53
2200.88
3119.4
2696.36
2408.08
2093.31
1959.62
2173.14
1937.37
1676.73
1654.6
2046.72
2832.28
2396.03
2135.77
2273.52
2911.92
3237.27
3157.95
2667.46
2677.65
2296.97
1921.44
1641.77
1478.32
1750.16
2519.45
3096.35
2522.87
2125.69
2082.26
2385
2338.67
2216.09
1949.09
1697.07
1628.18
1548.09
1415.42
1287.7
1176.4
1093.12
1138.17
1123.1
1054.26
969.769
924.439
902.569
882.418
897.666
875.577
817.536
807.561
788.729
1013.45
1441.91
1516.52
2190.78
4080.71
3865.58
2944.4
2280.34
1875.69
1680.87
2092.77
2324.57
2431.42
2547.3
2457.73
2272.52
2815.31
3055.8
2801.82
2359.65
1977.89
1703.89
1505.69
1375.38
1278.82
1199.93
1142.43
1094.86
1057.09
1050.48
1036.5
1000.27
950.288
902.798
859.84
820.486
787.807
762.618
758.473
919.732
1182.4
1276.56
1324.65
1479.53
1701.45
1632.25
1582.53
1688.74
1791.9
1688.86
1602.02
1659.13
1581.95
1464.16
1325.05
1206.71
1258.84
2873.23
6010.74
4374.61
3143.49
2397.53
1992.21
1862.22
1847.47
2659.8
2616.2
2233.34
1877.76
1634.45
1464.34
1350.22
1395.84
1436.27
1481.38
1385.79
1270.43
1174.57
1092.95
1011.66
953.903
909.581
901.921
865.722
826.51
798.771
766.921
780.025
968.34
1449.18
1870.26
1770.18
1713.02
1712.6
1606.45
1694.06
1784.38
1659.9
1506.69
1527.72
1499.86
1373.24
1243.26
1121.92
1019.99
939.474
992.118
1634.39
2186.88
3532.44
3242.71
2505.61
1972.67
1620.07
1404.23
1252.21
1131.66
1027.21
942.325
873.865
820.733
774.528
730.467
692.989
662.491
641.581
627.085
612.089
593.796
575.378
556.381
534.932
520.162
505.966
495.259
483.851
471.6
460.74
449.352
423.493
403.892
392.182
387.478
383.642
504.982
907.951
1293.51
1191.28
1023.52
879.498
762.031
680.54
622.331
573.432
646.805
1578.78
2150.78
2346.5
1904.32
1491.24
1216.35
1033.21
997.92
1359.96
1266.56
1090.73
938
898.194
1550.28
2709.77
2197.22
1847.11
3096.23
2518.28
2022.11
1719.57
1819.46
1985.64
2021.94
1708.19
1396.99
1194.85
1018.61
877.042
766.475
670.568
612.023
655.468
626.024
566.869
517.916
539.86
866.606
966.398
1346.39
1348.77
1180.09
1099.8
1177.08
1110.4
962.251
824.037
712.251
716.942
1204.67
1164.18
1302.61
1179.24
1007.68
860.332
745.149
692.158
726.279
715.41
648.349
569.041
502.269
451.61
418.119
415.416
433.2
414.408
394.873
384.812
440.074
434.258
416.867
397.036
382.767
399.329
421.43
426.539
444.11
423.806
400.436
390.876
401.4
394.517
386.785
377.286
369.082
361.263
394.494
816.66
1055.22
1270.78
1463.68
1394.33
1149.13
992.534
954.171
856.556
734.48
636.13
591.744
543.831
506.801
553.479
646.266
647.756
685.002
623.061
567.781
507.501
537.812
960.372
1060.87
1000.2
1201.01
1109.84
974.222
859.195
773.986
707.546
658.609
625.913
608.678
593.746
570.858
571.996
725.692
716.419
666.391
629.867
701.366
721.838
891.705
1082.91
1014.45
1005.66
1273.11
1441.13
1645.78
2017.41
1821.35
2397.21
2121.69
1999.4
1744.4
1755.24
1736.82
1749.64
1839.26
1991.08
1709.78
1450.9
1275.22
1421.72
1325.63
1148.64
1004.18
906.719
844.601
825.001
899.691
1212.2
1765.16
1708.88
1524.04
1258
1073.71
1086.09
2108.79
1896.37
1580.95
1374.08
1306.6
1423.12
2279.97
2032.32
1692.15
1432.87
1278.44
1126.25
989.173
979.141
1280.16
1697.65
2044.3
1814.53
1542.34
1347.9
1382.79
1780.11
2640.23
2373.01
2539.82
2973.22
4049.21
4213.69
3526.09
2761.64
2234.71
1927.35
1727.95
1699.39
1602.47
1613.65
1683.03
1980.79
2190.78
3033.06
2881.37
3125.88
2630.23
2236.21
2360.83
2200.04
2031.77
2748.21
4255.36
5174.38
3957.71
2976.01
2721.03
2378.28
2032.23
1777.19
1622.99
1533.2
1647.63
1768.73
1674.43
1615.03
1719.5
1631.5
1493.16
1370.91
1287.04
1217.19
1158.88
1093.81
1039.81
988.228
932.507
888.691
943.71
945.558
899.511
848.858
800.339
1080.17
4115.17
4978.08
3894.54
3196.51
2567.31
2145.66
2127.73
2038.14
1901.23
1703.68
1538.35
1404.76
1297.14
1208.03
1123.08
1044.15
985.996
938.724
910.15
931.835
1206.01
1220.72
1138.86
1043.12
959.501
887.905
830.443
832.85
839.932
796.673
752.587
804.862
1077.88
1150.44
1058.74
969.903
878.196
808.537
889.644
2184.31
3677.9
2952.49
2353.45
1943.59
1752.26
1601.99
1441.43
1521.98
2731.9
2393.95
1925.31
1600.41
1375.15
1208.19
1066.34
968.271
959.784
960.632
916.67
855.405
794.567
760.73
883.052
963.081
931.098
863.924
793.809
723.866
659.987
612.178
600.131
774.37
846.436
799.693
735.363
654.145
590.766
540.783
507.508
494.352
478.07
464.413
448.851
432.142
480.642
1110.21
1548.02
1586.42
1393.86
1188.44
1028.62
914.695
816.25
730.134
665.932
612.869
567.079
554.571
531.195
489.902
456.477
434.356
415.508
397.923
379.512
359.099
338.967
320.988
301.59
288.391
276.569
288.503
496.135
621.424
612.5
682.602
688.451
632.1
567.187
516.015
637.689
1475.79
2179.23
1808.74
1420.48
1133.82
941.581
808.47
709.81
631.815
567.349
514.904
476.998
519.251
670.609
670.137
616.633
595.88
556.239
506.038
459.256
420.918
389.744
362.682
340.663
319.659
302.971
286.322
292.163
294.318
285.295
274.067
271.928
274.978
496.097
1893.03
3907.86
3426.37
2364.6
1704.39
1314.74
1059.81
876.02
736.052
630.832
550.191
491.9
446.512
409.601
379.129
354.721
335.908
320.836
307.942
297.307
288.828
279.805
281.779
393.232
445.023
425.077
388.834
366.759
351.585
431.099
442.348
417.936
384.416
354.872
331.891
310.085
294.004
283.856
273.279
261.817
252.099
241.044
229.114
224.683
223.105
220.989
220.31
223.269
223.701
223.104
221.552
213.389
219.688
251.31
398.311
938.784
1372.17
1203.4
999.647
939.01
898.366
788.861
766.473
941.896
1085.1
1552.24
1376.41
1141.55
950.575
806.926
711.215
741.57
1005.84
946.059
829.173
797.916
1181.48
1210.65
1131.64
950.979
845.011
975.267
1402.41
1445.97
1237.6
1133.7
1847.88
2423.1
2006.85
1591.26
1312.45
1226.03
1088.05
971.977
1056.28
1186.71
1102.44
980.416
866.124
784.208
732.652
803.56
1018.61
1663
1785.84
2333.96
2646.06
2148.72
1780.83
1486.45
1274.92
1123.62
1069.05
1138.75
1348.4
1275.76
1144.84
1037.78
986.094
937.894
840.952
802.507
772.927
761.359
759.012
778.791
851.239
1618.31
1555.6
1548.46
1848.26
1982.44
1780.76
1559.12
1362.12
1228.45
1074.08
977.767
920.101
993.998
1963.28
1741.03
1440.31
1233.68
1293.76
1336.66
1282.54
1647.18
1583.92
1564.07
1898.14
1872.2
1990.76
2550.11
2739.43
2754.29
2422.3
2880.36
3152.26
2624.4
2143.1
2155.63
2273.41
1981.49
1694.36
1513.79
1552.18
1649.76
1831.85
2174.43
1978.55
1747.63
1981.36
2377.61
2119.02
1796.83
1564.94
1398.89
1273.73
1189.24
1128.75
1077.84
1112.25
1665.24
2736.66
4340.09
3612.42
2863.02
2497.12
4171.54
9471.5
6344.24
3975.46
2843.32
2544.66
2452.46
2664
2675.05
2336.68
2213.55
2198.6
2470.49
2251.54
2160.31
2271.14
2089.32
1880.53
1793.37
1788.5
1678.49
1800.5
1801.89
1648.38
1493.79
1382.11
1291.38
1251.51
1206.54
1141.86
1380.75
4398.4
7334.85
5006.52
3276.27
2473.33
2129.66
1877.3
1698.41
1553.55
1498.43
1532.94
1519.81
1465.73
1493.82
1780.74
1733.74
1603.93
1544.81
1612.43
1899.13
2235.41
3092.64
2813.89
2546.47
2668.77
3149.52
3260.88
4517.92
3906.47
3035.67
2420.94
2055.86
1799.01
1690.16
1653.86
1568.9
1474.06
1377.31
1301.19
1230.66
1193.92
1307.9
1435.68
1358.49
1264.32
1202.17
1141.62
1081.8
1037.81
1080.52
1205.38
1180.29
1167.68
1170.57
1115.65
1037.91
964.219
972.517
1544.68
1827.79
2071.86
1795.2
1515.18
1456.92
1382.85
1262.51
1143
1048.47
1011.19
1259.46
1308.98
1202.88
1094.8
1009.8
938.248
873.749
815.646
761.927
713.045
673.555
644.165
615.353
587.407
560.75
537.324
517.99
501.565
486.774
473.642
467.613
486.602
474.12
455.569
437.407
423.16
410.971
403.959
396.861
388.788
390.672
472.664
845.468
867.33
793.694
707.973
627.512
585.51
786.416
784.056
712.094
626.62
587.132
619.189
597.324
558.732
525.633
487.622
454.727
432.616
413.256
393.078
374.417
359.721
352.961
409.338
441.215
419.861
398.044
430.385
562.233
776.381
763.72
730.332
1048.24
1011.63
887.223
762.282
651.616
569.068
502.317
445.994
397.02
365.905
345.562
327.289
310.495
301.537
293.17
282.867
266.494
255.152
247.552
241.238
234.486
230.664
236.695
338.936
481.736
489.526
452.475
409.902
376.982
349.239
323.829
303.299
285.839
297.458
531.246
559.601
517.406
462.766
404.389
388.167
664.201
1158.05
1058.24
887.235
743.193
632.595
548.318
487.445
444.382
409.94
380.503
356.023
335.78
314.959
327.281
401.033
393.641
364.954
325.684
289.828
265.598
262.84
265.037
291.343
299.381
294.571
287.397
286.249
282.428
275.944
269.365
267.227
268.876
279.365
357.764
408.387
443.165
433.87
420.199
541.368
879.846
988.876
1214.17
1167.81
1320.8
1348.37
1194.64
1236.49
1098.43
1043.74
1279.27
1545.92
2238.64
2102.02
1802.96
1665.12
1473.25
1365.24
1255.24
1070.74
948.448
1134
1356.92
1311.43
1172.05
1041.57
945.446
905.451
818.848
755.529
765.886
758.073
780.082
869.232
830.765
775.007
744.257
739.753
724.436
711.912
705.386
684.992
676.096
710.732
1118.68
1457.22
1362.21
1375.83
1293.15
1199.02
1038.19
944.992
876.115
827.898
793.702
823.534
1384.17
3754.37
4003.65
2856.42
2102.4
1669.45
1409.34
1180.37
1189.12
2601.45
2231.49
1765.79
1475.39
1458
1660.28
1674.96
2462.35
2505.35
2301.2
2195.56
3109.18
2694.88
2393.91
2514.69
2217.17
1889.56
1653.57
1759.02
2419.94
2493.21
3437.12
4566.51
5710.92
4237.71
3350.69
3757.23
3007.97
2477.8
2513.18
2558.91
2488.55
2434.46
2846.47
3352.82
2933.5
2477.77
3021.32
3206.1
3160.35
2612.73
2138.93
1836.82
1815.09
2427.79
2743.24
3695.96
3354.26
2645.26
2151
1838.32
1654.16
1968.38
3822.56
3498.92
2752.86
2305.97
2116.07
1965.64
1791.27
1617.73
1460.56
1329.84
1252.95
1219.28
1372.89
2103.16
2770.96
2844.08
3084.47
2665.09
2233.55
2048.15
1860.85
1675.46
1500.99
1375.25
1283.28
1210.52
1148.35
1125.78
1248.63
1289.63
1378.28
2578.65
6101.54
6176.04
4297.83
3052.41
2394.41
2013.39
1766.25
1596.73
1580.9
1488.74
1373.42
1274.07
1203.18
1132.74
1067.72
1027.56
995.035
1406.71
5119.34
5611.56
3944.15
3136.08
3112
3688.16
3466.87
3369.4
3306.25
2818.71
2592.46
2269.75
1963.06
1738.68
1556.32
1429.19
1325.57
1224.31
1164.57
1207.95
1660.4
1844.7
1747.58
1795.88
3543.01
3634.53
3315.27
2956.85
2928.35
4587.33
3674.5
2770.45
2214.71
1841.64
1587.33
1433.41
1266.01
1106.69
991.099
930.262
890.242
894.117
1254.57
2060.23
2277.81
2011.85
1765.37
1621.78
1816.01
1662.47
1499.54
1531.69
2709.48
2977.75
2557.83
2015.44
1644.02
1447.04
1382.4
1333.28
1475.48
1758.14
1622.99
1409.24
1252.28
1133.74
1036.59
955.227
895.995
852.742
816.033
782.117
742.223
698.691
671.079
642.136
628.64
613.394
606.298
599.75
629.436
819.052
1397.08
3244.71
2975.62
2358.45
1882.91
1574.34
1304.65
1095.25
956.018
1040.71
2419.56
2140.15
2064.64
1994.78
2025.66
2276.5
1940.93
1623.24
1426.26
1257.58
1111.9
984.838
884.173
936.538
914.499
885.836
838.574
750.776
686.963
641.419
648.974
646.174
656.905
627.715
596.851
558.842
634.472
1512.22
1377.5
1151.86
1185.2
2312.26
1951.12
1527.97
1312.24
1309.47
1231.53
1063.8
919.926
802.919
706.531
623.346
556.749
620.858
1343.17
2207.37
2023.98
1606.93
1464.26
1251.34
1056.96
905.939
781.675
679.295
601.117
540.454
494.895
500.599
781.275
801.484
766.452
703.967
762.548
1063.03
1129.12
992.437
841.426
781.604
731.999
998.201
975.282
870.937
832.057
1407.36
1801.45
2154.38
1802.7
1446.85
1201.05
1241.95
1435.44
2829.71
2500.86
1962.69
2091.84
1985.68
1638.7
1336.04
1122.04
949.295
822.369
726.547
656.999
612.073
620.066
613.18
617.839
950.382
1080.66
991.841
872.084
772.54
694.825
623.761
594.833
781.961
971.442
1025.3
928.558
875.886
873.801
807.829
737.859
683.505
632.433
594.896
569.348
552.66
619.294
641.005
648.12
849.167
1241.22
1411.92
1260.61
1274.31
1490.16
1344.95
1135.34
1054.78
1593.28
1652.39
1757.82
2490.42
2263.71
2152.42
2285.18
1919.93
1586.61
1338.46
1146.19
1007.26
897.058
977.656
937.047
870.183
804.563
857.837
1400.29
1363.89
1329.21
1861.29
2816.27
4300.42
4128.09
3166.26
2756.54
2412.53
2134.74
1972.15
2277.27
5349.09
3951.56
2771.03
2226.26
2209.97
2718.35
3520.1
3444.05
2946.04
3719.21
3120.79
2438.14
1990.8
1858.29
1714.21
1746.86
1628.93
1483.6
1479.51
1514.26
2300.04
3560.15
3949.7
3286.55
2538.43
2036.35
1715.9
1524.17
1704.74
1585.14
1385.94
1328.3
1698.93
2780.48
6007.91
4543.18
3129.85
2396.64
2090.45
1836.99
1657.02
1753.52
3482.35
3184.46
2545.84
2448.59
2894.01
3163.56
2724.08
2331.3
2026.16
1776.21
1683.23
1589.93
1557.62
1630.29
2168.8
2447.81
2390.93
2800.27
4341.53
5362.55
4807.22
3568.31
2733.68
2232.88
1913.8
1691.37
1517.42
1401.18
1485.92
1464.33
1481.89
2404.95
2222.33
1903.54
1660.69
1467.12
1342.97
1256.05
1160.43
1084.82
1089.01
1476.9
1610.08
1713.72
1858.69
1694.54
1532.55
1442.13
1743.25
2097.15
2178.7
1962.02
1722.2
1531.04
1385.97
1270.83
1179.58
1138.69
1207.21
1253.07
1217.95
1172.95
1204.15
1174.53
1091.37
1030.54
1030.04
1140.29
1148.03
1122.9
1118.61
1097.51
1151.13
1129.27
1168.81
1279.66
1382.91
1360.48
1256.45
1135.72
1046.63
982.482
1075.93
1285.31
1300.07
1180.89
1064.03
969.313
908.187
929.853
977.824
945.284
886.208
830.306
876.493
1491.62
1750.37
1572.14
1359.26
1187.31
1239.76
1245.32
1223.72
1278.67
1810.33
3426.61
2752.55
2109.25
2271.95
4092.98
3421.91
2724.4
2179.19
1819.86
1555.01
1352.28
1188.99
1063.28
969.067
901.941
938.646
1836.88
3523.45
3202.34
2669.8
2270.29
1997.19
1887.54
1665.18
1498.29
1318.18
1230.04
1188.33
1125.09
1180.33
1127.2
1059.78
953.584
866.78
797.308
751.373
769.152
864.236
865.345
830.201
939.675
1188.11
1275.47
1167.11
1051.21
935.237
858.402
887.429
890.057
820.64
778.736
774.597
725.517
678.357
637.82
603.496
578.954
642.901
801.464
1067.11
1011.09
995.173
986.876
911.826
828.855
765.002
689.277
623.643
608.764
1250.22
4608.95
3374.75
2327.28
1784.01
1518.59
2209.11
2552.4
2081.55
1648.46
1328.82
1089.75
916.573
791.754
697.736
622.993
555.701
514.631
484.598
459.813
442.434
427.313
413.733
442.256
510.99
495.472
469.516
446.339
420.749
386.851
382.086
381.735
453.854
453.732
434.027
415.573
452.061
472.689
447.669
422.151
399.652
377.408
358.265
340.591
327.739
317.49
312.469
321.117
490.084
730.829
708.711
632.614
573.387
688.34
1154.07
1175.24
1028.71
882.909
794.345
991.576
1250.48
1237.13
1051.01
884.39
760.041
662.271
583.626
513.61
463.163
430.601
416.658
502.524
683.583
706.256
640.122
558.196
503.749
487.881
460.732
433.674
437.855
528.571
536.577
513.696
486.961
460.1
438.999
422.565
409.022
398.877
389.6
383.905
401.466
408.919
412.985
496.606
610.98
776.821
754.333
687.256
618.495
554.978
521.229
495.833
475.372
574.494
1004.1
971.982
857.081
791.225
1218.68
1854.84
1634.3
1511.99
1814.24
1589.36
1409.12
1277.04
1289.72
1680.39
1622.43
1481.15
1320.43
1601.25
1483.68
1604.63
1521.44
1328.08
1199.3
1336.91
1408.98
1994.98
2132.26
1810.44
1504.58
1283.49
1126.87
1002.42
1051.39
1152.91
1245.77
1452.01
1883.36
2277.8
1896.33
1549.79
1326.72
1224.66
1330.93
1683.39
1626.95
1841.68
1911.89
2081.01
1849.3
1569.64
1358.52
1368.12
2067.28
1899.32
1606.91
1381.62
1229.17
1194.64
1178.58
1173.28
1392.36
1323.78
1292.88
1370.8
2455.82
2216.06
1829.51
1722.88
2156.25
1954
1711.99
1842.05
1690.6
1483.96
1313.34
1165.54
1053.74
1020.35
973.578
1016.02
1122.75
1072.82
1014.98
974.778
942.974
914.649
903.229
1715.18
8365.28
6399.9
5188.36
3823.51
2792.03
2249.08
2055.56
2537.16
2304.03
2006.37
1988.52
2276.14
2451.11
3638.25
6682.09
7564.7
5009.85
3937.72
5398.36
5369.22
4431.64
3364.02
2635.93
2174.3
2243.51
3322.41
3520.16
2915.1
2576.64
2227.83
1979.76
1781.71
1652.74
1580.99
1568.81
1554.82
1544.41
1598.46
1547.04
1437.46
1371.52
1325.18
1273.04
1229.49
1164.19
1122.83
1104.6
1126.9
1091.97
1022.81
978.16
920.265
862.615
809.379
767.412
731.928
707.43
684.964
819.106
2267.75
3966.86
4978.19
3719.48
2729.43
2160.1
1825.28
1621.9
1462.11
1336.32
1251.27
1252.51
1294.55
1239.22
1153.56
1071.1
1002.28
956.278
950.55
949.556
924.129
921.251
912.111
925.075
972.517
992.848
1105.85
1089.59
1017.74
938.156
864.983
807.417
806.581
805.687
764.698
718.751
668.765
624.4
612.775
805.842
1193.38
1545.89
1486.69
1335.14
1372.77
1298.85
1178.43
1059.82
951.821
867.582
800.174
742.222
696.577
713.695
756.514
770.142
759.225
720.906
677.285
648.836
727.779
830.545
825.449
767.687
781.222
1405.15
1384.16
1193.78
1023.81
898.63
810.39
731.098
668.615
623.377
616.342
869.42
1276.3
1525.87
1354.44
1148.58
978.126
843.612
746.42
680.824
630.748
588.606
551.311
514.837
481.993
452.301
427.422
406.838
385.31
363.73
344.629
330.839
321.841
311.997
302.138
310.769
369.575
408.318
404.929
385.02
374.383
353.128
343.751
389.741
421.523
424.683
695.781
1118.29
1149.68
1070.76
1009.67
869.512
760.721
751.044
834.969
795.998
707.311
627.565
619.29
700.79
658.026
588.624
537.541
497.188
461.978
423.505
396.654
375.618
353.679
336.469
321.609
305.655
321.36
414.78
633.082
665.528
609.578
542.541
484.183
436.171
395.597
360.955
325.854
306.732
292.847
280.448
272.484
274.311
264.541
257.85
250.674
241.666
228.754
227.544
316.131
514.485
1214.98
1954.64
1924.49
1530.35
1209.29
980.937
815.559
688.032
587.315
511.216
453.406
410.491
376.414
350.152
330.11
364.268
362.269
337.456
320.38
336.122
358.664
577.985
890.274
867.098
944.69
1036.97
937.305
794.926
680.788
592.267
525.278
471.101
429.101
398.237
364.417
339.483
325.869
321.346
319.648
320.592
313.875
312.524
304.801
302.392
379.304
637.911
865.03
856.506
887.651
917.875
833.166
723.316
710.907
702.626
685.258
625.536
574.286
623.562
696.436
714.18
855.821
808.378
730.143
658.08
604.855
557.067
541.965
737.709
830.954
891.506
918.622
1252.42
3109.2
2630.21
1945.38
1506.54
1244.62
1119.22
1092.36
979.863
865.057
784.513
722.232
670.282
640.479
615.877
615.864
660.388
753.147
916.391
948.38
880.797
804.741
747.603
702.282
703.792
1162.64
1521.73
1791.13
1531.99
1295.39
1118.86
995.817
913.638
885.789
845.482
828.116
1011.1
980.375
882.823
785.737
733.537
876.647
1104.88
1274.69
1475.45
1565.79
1447.58
1284.13
1131.36
1439.83
4901.5
3718.09
2517.26
1877.69
1510.66
1301.91
1174.24
1091.24
1012.63
952.814
900.856
857.837
839.5
873.473
1182.81
1446.14
1543.35
1412.89
1258.05
1179.31
1555.09
1773.62
2389.71
2784.19
3625.28
2989.42
2389.06
2108.9
2120.64
3452.91
4367.68
3498.13
2647.44
2128.2
1937.09
1743.85
1541.48
1586.73
1522.61
1396.83
1287.41
1213.65
1277.55
1498.94
2416.87
2939.86
2883.66
2521.4
2107.25
1828.6
1616.44
1462.11
1346.71
1249.76
1190.78
1190.41
1297.55
1333.91
1286.5
1218.38
1292.36
1430.9
1402.38
1310.75
1491.13
3754.94
3128.32
2428.57
1961.43
1682.37
1499.8
1355.63
1241.45
1147.61
1078.85
1034.11
1019.57
1001.28
1047.83
1069.47
1058.96
1100.46
1096.32
1039.65
986.528
1003.43
1017.87
1169.3
1509.6
1661.69
1679.52
1550.46
1427.85
1314.39
1188.98
1079.49
983.461
905.082
857.083
919.468
1044.98
1032.72
976.967
977.467
946.434
893.789
930.615
939.963
935.079
1111.19
1474.58
1547.4
1511.78
1408.73
1440.84
1591.8
1627.51
1548.18
1412.32
1275.75
1232.39
1188.72
1215.34
1794.47
2288.33
1953.27
1636.4
1420.97
1318.62
1249.83
1153.24
1073.03
1102.68
1240.68
1222.34
1147.3
1086.5
1157.93
1349.4
1924.64
1771.85
1511.93
1306.55
1145.61
1027.88
931.937
853.736
788.37
728.683
678.849
638.321
599.658
563.541
530.093
506.83
593.081
1080.89
1066.81
959.47
960.883
1081.8
1341.34
1503.68
1339.56
1159.11
999.366
912.612
908.486
852.944
771.051
698.664
675.688
656.606
641.12
617.887
594.471
574.952
573.389
680.219
995.692
945.66
834.217
751.427
681.057
649.102
593.727
546.203
541.263
633.961
815.993
824.948
903.283
2304.22
3147.05
2480.72
2376.19
2105.38
2136.92
1960.85
1639.25
1346.17
1121.69
945.995
817.269
720.1
641.94
583.073
541.168
524.836
514.778
496.348
498.269
498.923
615.092
753.12
1054.77
1115.72
999.503
917.403
886.058
820.333
718.524
628.932
549.43
496.836
465.903
485.383
495.179
466.203
453.985
479.546
520.806
513.423
478.668
474.195
443.953
420.029
454.011
438.465
430.679
445.661
457.47
665.692
988.521
974.699
930.657
818.146
770.48
807.764
815.519
728.948
640.388
574.276
532.891
537.422
497.669
458.178
438.27
578.173
572.129
534.261
494.565
460.165
430.886
408.424
387.48
371.017
359.78
350.563
337.303
325.271
322.922
395.357
477.309
646.533
671.577
822.58
895.391
920.421
880.956
786.51
706.761
696.979
684.279
786.921
978.098
1033
1152.21
1257.18
2041.67
3171.55
2555.47
2778.11
2276.77
1782.71
1645.97
2106.92
2525.75
2218.82
2326.67
1972.1
1763.44
2441.33
2269.17
2068.86
2191.35
2026.02
1688.27
1410.17
1204.87
1056.52
996.457
917.997
839.158
843.511
777.026
708.765
754.595
1488.02
2003.83
1875.58
1849.22
1562.02
1352.43
1183.71
1173.06
1146.75
1095.99
1235.97
1172.73
1186.44
1315.62
1327.4
1213.27
1223.79
1189.71
1101.17
1127.5
1354.76
1685.8
1667.05
1628.02
1511.49
1505.57
1319.34
1171.75
1083.89
1056.52
1057.62
1087.52
1342.08
1519.71
1875.48
2235.68
2014.21
2129.8
1978.6
2076.72
2152.52
1871.22
1591.72
1392.04
1255.12
1273.09
1175.38
1040.36
922.968
837.987
770.52
740.082
747.998
758.554
829.56
1219.13
1464.41
1661.09
1637.97
2181.59
2201.05
1855.84
1592.97
1413.8
1279.92
1203.92
1369.17
2111.55
2440.8
2034.97
1839.7
2574.2
4401.75
4845.69
3621.67
2679.6
2171.9
1939.93
2513.07
4214.79
10769.6
8034.68
5039.65
4634.52
4949.49
3838.95
2936.47
2374.04
1996.04
1709.5
1513.84
1405.13
1974.01
5692.12
9865.01
7569.06
4765.41
3213.53
2465.27
2060.54
1827.32
1729.46
1902.84
2039.87
2559.71
3016.18
4629.84
4715.61
3822.8
3477.03
5663.15
4886.1
3895.62
3071.92
2684.52
2740.55
2479
2259.84
2015.62
1783.08
1634.32
1905.37
2131.59
2455.07
2222.74
1922.48
1690.89
1522.45
1480.76
1429.33
1360.73
1283.58
1231.64
1233.36
1202.45
1136.27
1066.76
1004.54
951.382
897.713
857.193
926.763
1056.89
1095.21
1046.53
970.144
916.996
924.812
926.734
912.586
930.736
905.863
851.875
790.143
732.05
684.234
660.354
775.778
791.737
751.116
707.906
735.385
967.73
1422.71
1504.04
1694.63
1598.05
1440.9
1333.71
1229.55
1110.5
1003.27
916.096
843.687
775.726
717.654
670.513
628.431
591.382
558.868
534.9
510.196
487.959
466.057
441.973
415.531
394.149
377.279
363.648
352.843
344.408
336.999
342.305
443.332
467.268
449.625
420.424
392.359
372.731
356.381
342.656
335.227
329.961
320.178
309.426
324.906
490.499
548.984
523.687
483.422
443.685
404.681
372.384
345.494
322.505
301.211
277.373
265.674
307.658
334.799
533.032
610.668
583.162
533.688
485.069
441.884
406.608
377.963
358.618
348.203
403.515
402.221
378.726
352.014
327.149
306.432
289.556
276.942
265.592
254.857
245.032
236.031
227.014
219.321
212.627
204.45
197.037
190.573
193.921
241.485
258.138
345.933
340.473
314.177
299.372
282.011
265.147
251.311
242.5
246.773
237.959
225.081
211.62
199.295
189.42
182.13
175.445
167.701
161.62
154.564
147.468
145.445
189.268
312.587
374.027
535.907
544.392
584.935
547.258
480.483
415.472
364.393
323.585
306.173
420.292
449.592
416.578
370.719
328.443
293.867
266.429
246.829
236.168
226.015
214.438
212.496
286.779
286.54
276.153
347.701
375.832
390.21
356.52
318.733
281.893
256.462
233.403
230.283
258.74
428.269
845.11
1151.75
1011.48
832.307
690.854
585.464
505.242
443.978
420.494
514.091
534.173
563.415
1001.23
957.009
817.091
693.22
637.22
919.935
1034.54
1099.97
1417.4
2520.68
2217.01
1717.04
1351.72
1093.48
916.799
785.623
681.34
611.218
554.992
506.585
471.716
436.015
426.519
605.602
686.353
692.119
1069.64
1256.42
1131.24
1299.22
1371.9
1396.34
2115.89
1854.43
1957.33
2557.19
2231.75
1768.33
1433.47
1189.45
1036.24
972.058
946.472
861.97
816.425
860.721
1116.58
1284.18
1218.36
1643.5
4016.98
3381.11
3053.65
3025.44
2853.32
2425.03
2426.55
2490.35
2064.32
1681.41
1392.96
1190.25
1053.88
974.718
999.912
1216.24
1178.79
1076.59
967.348
889.383
845.67
826.047
930.138
1145.59
1386.36
2260.41
2209.13
1780.95
1464.61
1285.68
1136.26
1044.78
973.817
915.076
864.418
914.288
1455.65
1627.46
1517.87
1774.25
2315.93
2032.58
1763.87
1773.31
1704.74
1677.71
1530.56
1366.42
1254.59
1238.11
1456.34
1826.96
1877.27
1712.6
1743.61
1944.51
1716.54
1465.9
1346
1557.09
1762.87
1581.81
1377.44
1355.16
1619.81
1770.28
2141.09
2436.01
2270.23
2328.7
3583.63
3818
4147.53
3919.87
3343.5
3222.77
3254.68
2777.7
2298.33
1947.53
1726.97
1548.91
1409.74
1290.22
1256.49
1264.62
1204.02
1118.85
1047.21
1011.86
1161.21
1557.52
1518.15
1375.13
1244.24
1155.66
1294.39
1446.12
1454.72
1368.9
1256.16
1149.51
1063.16
1265.8
1773.14
1806.7
1639.3
1463.19
1319.71
1212.47
1126.74
1050.97
985.884
927.309
888.235
852.777
819.468
789.801
752.166
744.097
927.642
1414.36
1456.46
1476.6
1559.55
1510.38
1394.87
1279.71
1156.75
1068.81
1182.37
1210.54
1119.7
1052.29
1012.16
976.263
1162.41
1266.54
1264.81
1177.8
1085.36
1036.59
987.182
951.364
885.507
812.219
760.219
759.953
722.128
669.685
625.906
730.121
1712.6
4451.41
3516.91
2495.95
1944.13
1643.5
1429.62
1269.3
1250.32
2125.48
1941.76
1635.57
1464.2
1380.66
1319.78
1479.42
1816.24
1833.63
1710.38
1462.31
1260.09
1120.5
1050.74
1146.79
1370.16
1448.84
1308.56
1444.33
1556.75
1480.15
1358.13
1443.63
1540.06
1402.28
1473.72
1352.26
1202.8
1074.43
992.89
1047.64
997.574
892.202
808.386
759.38
725.091
693.632
663.897
632.432
597.306
564.455
542.38
553.104
609.325
627.184
591.334
557.575
558.204
531.481
514.953
501.275
487.541
471.741
454.654
441.476
441.265
425.667
406.029
385.59
365.354
348.304
329.265
311.331
298.032
284.972
275.898
269.541
263.399
257.681
252.557
249.197
243.482
238.871
235.635
235.691
237.414
268.744
362.27
405.123
428.749
417.204
376.95
338.573
304.876
276.389
254.459
235.403
219.732
210.419
205.112
200.955
197.216
194.549
191.747
189.491
182.526
178.112
175.037
171.527
192.148
417.685
651.058
695.097
715.983
754.269
736.914
649.825
555.298
476.558
445.799
442.581
412.187
370.566
339.823
310.911
293.073
336.24
334.728
314.908
292.302
272.607
254.251
238.845
236.293
325.714
384.317
373.09
342.222
311.392
285.203
262.789
245.775
234.298
226.079
224.659
217.814
208.908
199.354
187.384
179.71
177.416
170.975
167.167
181.918
207.92
237.636
236.294
223.883
207.301
195.339
189.84
182.012
174.009
165.647
176.534
173.436
168.721
191.036
599.793
2133.76
1820.26
1360.78
1080.04
898.131
779.348
822.381
780.129
698.857
617.478
552.845
511.109
560.404
559.156
532.406
670.51
1215.46
1135.22
1074.04
1070.24
943.432
883.101
950.855
1359.18
1679.16
1442.02
1210.36
1086.66
1016.51
913.309
812.615
769.143
695.525
637.489
617.667
634.46
657.877
858.123
983.585
1021.53
943.932
872.436
780.766
716.09
696.662
715.178
738.019
880.414
940.533
960.857
1005.42
1000.88
956.965
853.99
776.731
705.957
743.949
737.99
706.584
709.354
700.405
744.873
976.66
1522.63
1494.93
1324.46
1156.69
1001.74
860.796
780.777
729.293
713.34
781.901
1694.47
1621.34
1359.47
1288.96
1282.32
1194.47
1096.06
1009.14
945.286
1013.87
1601.85
1565.29
1609.29
2229.39
2383.8
2119.87
2015.55
2257.93
2206.24
1936.97
1696.96
1527.65
1737.73
4165.31
7603.44
7718.83
6164.02
5059.37
3834.74
3053.57
2554.62
2183.01
2040.88
2772.17
3067.05
3439.51
2941.85
2929.64
2982.77
2727.97
3560.55
3622.29
2866.92
2293.38
1935.21
1678.47
1564.11
1591.48
1852.63
2870.14
2721.27
2481.07
2142.6
1848.97
1661.66
1541.25
1507.25
2101.88
3461.82
3128.5
2424.12
1965.03
1672.92
1619.91
2013.07
3276.88
3727.31
3804.22
3503.74
2834.37
2285.6
1925.19
1710.94
1570.41
1443.07
1336.97
1242.49
1176
1121.1
1080.49
1044.5
1006.88
976.466
958.061
943.734
897.435
845.629
809.029
773.879
749.359
741.421
738.466
704.775
670.569
667.886
848.529
1367.08
1790.39
3038.37
3132.68
2869.75
2791.93
4125
6474.39
6474.37
4551.42
3311.31
3018.06
2592.22
2309.76
2412.46
2354.49
2283.8
2507.14
3038.55
3031.17
2718.5
2786.62
2548.35
2646.88
2502.01
2188.77
1913.74
1743.31
1682.17
1588.68
1490.1
1367.87
1258.14
1155.99
1082.58
1047.22
1106.89
1118.66
1066.51
1147.65
2124.45
2258.47
1929.12
1642.16
1460.63
1313.55
1184
1096.98
1028.83
970.283
925.921
878.999
848.033
914.191
914.614
882.05
883.709
876.504
831.796
778.994
731.476
691.125
662.657
676.689
662.748
629.563
595.185
558.465
527.921
498.865
487.773
485.171
475.979
457.531
455.69
535.833
629.626
692.456
687.531
655.338
642.824
624.986
693.143
1158.58
1280.93
1144.2
996.044
849.138
746.029
671.681
634.462
613.656
581.104
545.369
620.241
775.646
831.692
839.125
1089.75
1692.94
1758.1
2290.26
1957.63
1575.53
1294.96
1099.09
1011.92
889.293
780.827
706.701
736.962
876.541
831.403
739.969
710.045
1098.69
1184.7
1044.41
895.011
776.69
692.934
626.93
566.119
520.123
483.646
460.849
440.031
422.072
406.492
390.504
377.606
368.968
358.076
347.096
336.384
327.077
320.903
302.638
298.101
341.555
443.56
461.309
444.185
452.417
804.748
1265.37
1142.36
953.272
813.164
695.26
603.288
558.145
587.597
542.944
483.706
431.811
387.66
360.521
343.568
332.63
320.277
304.032
295.558
314.008
319.266
421.666
444.056
418.852
386.265
361.374
443.763
875.18
1116.9
995.426
839.822
746.374
718.016
1001.64
999.075
969.14
835.031
708.181
616.683
606.547
752.498
744.802
820.515
1270.56
2394.79
2253.55
1724.28
1350.7
1242.46
1321.94
1319.14
1218.4
1251.66
1254.23
1229.63
1400.01
1255.88
1086.33
1154.22
1337.8
1485.82
1443.76
1467.43
1368.18
1341.43
1170.54
997.285
854.378
746.517
667.278
621.821
658.317
679.615
734.803
782.598
827.873
925.683
898.926
822.707
752.092
690.622
645.957
618.505
607.92
753.275
783.382
806.669
924.57
889.228
824.389
783.598
1033.57
2199.25
1938.34
2238.01
2804.35
2611.13
2310.77
1876.19
1645.59
1923.18
2974.76
2667.86
2086.6
1683.88
1414.39
1227.78
1084.35
983.201
916.401
860.125
805.304
756.951
748.02
884.349
884.376
881.394
875.489
818.75
757.367
717.913
733.837
739.105
1016.38
1407.37
1390.74
1607.75
3294.31
3020.69
2365.39
1992.82
2271.27
2236.24
1890.03
1607.51
1397.18
1243.48
1136.6
1100.65
1193.82
1470.1
3228.11
3315.49
3476.98
3237.62
3009.14
3111.37
2549.65
2076.1
1759.35
1548.67
1349.77
1296.85
1876.04
2020.4
2032.77
2402.91
4083.67
4464.08
3690.24
2902.08
2791.88
3870.17
4290.46
3670.17
3864.26
4022.23
3527.56
2895.54
2670.9
3721.7
4983.36
5046.73
4487.88
5179.96
9318.13
6276.88
4135.24
4013.33
6888.03
5434.44
4291.35
3636.23
3114.81
2554.42
2163.94
1882.82
1716.57
1601.53
1490.32
1391.01
1354.22
1576.48
1680.01
1591.84
1550.98
1535.88
1687.1
1741.94
1622.77
1511.12
1392.69
1288.8
1200.59
1124.66
1049.62
981.633
914.905
859.353
898.34
1367.4
1425.43
1306.74
1186.87
1080.63
992.476
914.759
850.81
796.583
755.134
781.889
868.547
884.998
838.761
800.357
948.582
1098.2
1071.53
1009.95
1241.22
1802.5
1718.7
1526.75
1328.95
1173.92
1054.51
967.587
890.711
820.742
763.187
741.647
705.79
663.33
619.599
581.12
549.17
542.866
526.086
501.617
483.425
504.289
697.284
869.076
925.948
1154.66
1166.76
1053.84
924.403
816.532
735.364
658.094
595.713
550.873
515.257
482.242
454.455
431.063
406.011
383.03
370.694
354.932
340.404
326.694
314.231
303.75
292.519
280.038
270.67
263.828
258.485
252.544
245.32
238.003
232.491
226.884
221.727
216.968
218.622
275.762
382.452
400.218
377.473
345.895
323.532
309.637
297.454
283.115
267.663
252.728
240.686
263.813
266.593
254.589
237.578
220.1
205.58
195.068
187.414
181.256
174.197
167.305
159.454
151.077
145.708
146.117
223.501
738.419
1516.83
1531.08
1377.37
1372.21
1248.21
1053.78
885.22
754.256
653.446
578.433
522.243
512.331
672.83
940.73
1401.96
1357.08
1246.14
1217.91
1101.73
1064.15
1234.49
1270.15
1472.88
1486.9
1570.54
2375.43
2410.14
3485.67
3371.99
3320.08
3085.72
2815.91
2417.24
1950.54
1575.46
1291.26
1069.33
891.007
759.83
660.692
581.393
567.353
598.785
664.391
765.849
735.738
666.228
596.223
536.247
493.906
464.489
442.421
423.537
405.455
386.861
370.924
362.506
384.511
365.882
347.419
332.5
327.195
310.93
296.575
287.48
287.098
307.169
471.921
645.784
669.887
681.127
1206.92
1406.94
1392.43
1253.32
1043.83
866.098
732.324
628.835
554.415
593.141
620.747
733.146
711.893
642.42
573.051
523.394
483.725
450.448
425.993
414.85
393.863
379.857
476.892
821.366
1083.1
1105.85
1153.19
1466.22
1456.31
1428.64
1231.06
1053.77
1048.88
937.656
821.261
720.849
645.837
589.836
535.057
506.425
489.373
470.275
454.663
421.522
410.422
406.927
400.462
391.419
387.772
391.969
408.554
417.821
420.353
423.08
426.541
461.412
461.369
475.891
660.011
746.539
711.351
689.886
635.662
608.157
725.448
785.552
841.544
792.701
834.905
1340.84
3143.25
4095.96
3542.21
2566.23
2012.63
1729.73
1719.71
1483.89
1266.75
1083.94
958.359
979.09
1430.14
1510.79
1481.43
1323.67
1162.61
1036.67
971.178
1133.75
1191.58
1144.01
1400.34
1373.86
1243.97
1181.27
1560.54
1737.71
1651.02
1456.65
1298.77
1320.35
1241.43
1140
1005.7
973.551
1187.75
1412.4
1287.77
1165.96
1052.09
978.32
1042.49
2134.91
5485.06
3910.08
2575.33
1903.04
1560.21
1321.33
1132.66
1017.04
924.775
895.319
1166.16
1740.97
1690.58
1566.57
2047.83
2361.3
2219.56
1922.54
1617.05
1437.96
1291.91
1183.06
1098.68
1048.25
1007.63
972.256
942.835
947.217
1153.51
1174.12
1139.61
1248.98
1626.79
2994.09
3097.98
2454.47
1954.13
1646.76
1459.55
1365.17
1472.01
1694.65
1646.95
1722.87
1685.42
2099.28
2920.82
3251.97
3162.19
2757
2329.44
2065.99
1942.97
1765.96
1585.7
1436.01
1364.13
1325.06
1277.84
1208.79
1144.66
1095.05
1052.74
1005.82
958.537
914.997
879.656
841.324
798.189
759.764
740.514
833.335
922.769
1072.19
1409.81
1800.95
2406.77
2791.42
2751.98
2558.54
2190.59
1880.91
2151.31
5245.36
4657.5
3709.8
3785.33
3091.71
2482.36
2064.59
1850.05
1687.84
1677.02
1635.03
1741.47
2388.63
2370.29
2214.67
2104.14
2162.33
1988.12
1943.24
2070.69
2052.2
1890.5
1833.67
1735.42
1996.5
2503.14
2644.35
2631.62
2458.72
2369.29
2156.74
1970.52
1861.96
1746.2
